     1    0.5014157378E+00    0.2426795771E+00    0.5311591948E+03    0.0000000000E+00    0.2370000000E+03   -0.1000000000E+01    0.4219409283E-02
     2    0.3334643432E-01    0.1156130563E+00    0.6760390169E+03    0.8006372411E+00    0.6000000000E+03   -0.1000000000E+01    0.1666666667E-02
     3    0.6076633529E+00    0.8540808212E+00    0.2680177929E+03    0.0000000000E+00    0.2850000000E+03   -0.1000000000E+01    0.3508771930E-02
     4    0.3642427614E+00    0.6178916151E+00    0.4462357425E+03    0.0000000000E+00    0.2640000000E+03   -0.1000000000E+01    0.3787878788E-02
     5    0.1665537751E+00    0.4903327310E+00    0.5294399174E+03    0.0000000000E+00    0.2390000000E+03   -0.1000000000E+01    0.4184100418E-02
     6    0.9773479101E+00    0.1616159648E+00    0.1555455270E+03    0.0000000000E+00    0.2980000000E+03   -0.1000000000E+01    0.3355704698E-02
     7    0.8630731109E-01    0.2728915622E+00    0.6510974209E+03    0.2598802354E+00    0.5990000000E+03   -0.1000000000E+01    0.1669449082E-02
     8    0.9195949019E+00    0.5278074301E+00    0.2455367157E+03    0.0000000000E+00    0.2890000000E+03   -0.1000000000E+01    0.3460207612E-02
     9    0.7671762556E+00    0.7099627275E+00    0.2781061836E+03    0.0000000000E+00    0.2820000000E+03   -0.1000000000E+01    0.3546099291E-02
    10    0.1732662756E+00    0.1651279693E-01    0.6696355510E+03    0.1771850007E+00    0.5980000000E+03   -0.1000000000E+01    0.1672240803E-02
    11    0.2522912799E+00    0.5727333906E+00    0.4755765318E+03    0.0000000000E+00    0.2600000000E+03   -0.1000000000E+01    0.3846153846E-02
    12    0.6115973919E-01    0.9644148330E+00    0.1290415913E+03    0.0000000000E+00    0.2990000000E+03   -0.1000000000E+01    0.3344481605E-02
    13    0.8338039469E+00    0.6601244722E+00    0.2641923765E+03    0.0000000000E+00    0.2860000000E+03   -0.1000000000E+01    0.3496503497E-02
    14    0.4250465982E+00    0.7333707500E-01    0.5636249909E+03    0.0000000000E+00    0.2180000000E+03   -0.1000000000E+01    0.4587155963E-02
    15    0.8832569688E+00    0.3980052705E+00    0.2518021983E+03    0.0000000000E+00    0.2880000000E+03   -0.1000000000E+01    0.3472222222E-02
    16    0.8014702678E+00    0.8897148934E+00    0.2157600228E+03    0.0000000000E+00    0.2930000000E+03   -0.1000000000E+01    0.3412969283E-02
    17    0.2151811581E+00    0.6686922218E+00    0.3871031033E+03    0.0000000000E+00    0.2710000000E+03   -0.1000000000E+01    0.3690036900E-02
    18    0.2970742363E+00    0.1988458478E+00    0.6445006290E+03    0.4454357646E-02    0.5630000000E+03   -0.1000000000E+01    0.1776198934E-02
    19    0.6477538755E+00    0.3516041273E+00    0.4241325127E+03    0.0000000000E+00    0.2660000000E+03   -0.1000000000E+01    0.3759398496E-02
    20    0.7181321422E+00    0.3167141997E+00    0.3648694172E+03    0.0000000000E+00    0.2750000000E+03   -0.1000000000E+01    0.3636363636E-02
    21    0.4967753083E+00    0.4559079680E+00    0.5067910699E+03    0.0000000000E+00    0.2500000000E+03   -0.1000000000E+01    0.4000000000E-02
    22    0.5464731984E+00    0.7643082649E+00    0.3256977143E+03    0.0000000000E+00    0.2800000000E+03   -0.1000000000E+01    0.3571428571E-02
    23    0.6802006368E+00    0.8053533931E+00    0.2716666743E+03    0.0000000000E+00    0.2840000000E+03   -0.1000000000E+01    0.3521126761E-02
    24    0.3829063876E+00    0.9206959443E+00    0.2213614421E+03    0.0000000000E+00    0.2920000000E+03   -0.1000000000E+01    0.3424657534E-02
    25    0.4833373704E+00    0.6088690382E+00    0.4369951196E+03    0.0000000000E+00    0.2650000000E+03   -0.1000000000E+01    0.3773584906E-02
    26    0.8344457534E+00    0.3437732664E+00    0.2765413073E+03    0.0000000000E+00    0.2830000000E+03   -0.1000000000E+01    0.3533568905E-02
    27    0.3569211182E+00    0.6543220684E-01    0.6071179193E+03    0.6372992960E-02    0.5780000000E+03   -0.1000000000E+01    0.1730103806E-02
    28    0.4897228034E+00    0.2593822864E+00    0.5401556761E+03    0.0000000000E+00    0.2350000000E+03   -0.1000000000E+01    0.4255319149E-02
    29    0.3934778692E+00    0.6936638056E+00    0.3882317686E+03    0.0000000000E+00    0.2700000000E+03   -0.1000000000E+01    0.3703703704E-02
    30    0.4675402006E+00    0.3801357775E+00    0.5428547543E+03    0.0000000000E+00    0.2300000000E+03   -0.1000000000E+01    0.4347826087E-02
    31    0.9516750672E+00    0.4868201977E+00    0.2272460170E+03    0.0000000000E+00    0.2910000000E+03   -0.1000000000E+01    0.3436426117E-02
    32    0.7758237969E+00    0.6177234132E+00    0.3026914724E+03    0.0000000000E+00    0.2810000000E+03   -0.1000000000E+01    0.3558718861E-02
    33    0.4318117172E+00    0.2635987766E+00    0.5774441938E+03    0.0000000000E+00    0.1970000000E+03   -0.1000000000E+01    0.5076142132E-02
    34    0.4946506188E+00    0.5241787548E-01    0.5042793523E+03    0.0000000000E+00    0.2520000000E+03   -0.1000000000E+01    0.3968253968E-02
    35    0.1856425566E+00    0.8593146319E+00    0.2102692437E+03    0.0000000000E+00    0.2950000000E+03   -0.1000000000E+01    0.3389830508E-02
    36    0.6611118553E+00    0.4363714922E+00    0.4102528148E+03    0.0000000000E+00    0.2680000000E+03   -0.1000000000E+01    0.3731343284E-02
    37    0.1988759449E+00    0.1430393982E+00    0.6744361819E+03    0.9004348692E-01    0.5970000000E+03   -0.1000000000E+01    0.1675041876E-02
    38    0.4784619332E+00    0.5030310674E+00    0.4960943696E+03    0.0000000000E+00    0.2540000000E+03   -0.1000000000E+01    0.3937007874E-02
    39    0.4956255052E+00    0.4906018937E+00    0.4943862141E+03    0.0000000000E+00    0.2550000000E+03   -0.1000000000E+01    0.3921568627E-02
    40    0.5025655409E+00    0.2079856514E+00    0.5274344893E+03    0.0000000000E+00    0.2410000000E+03   -0.1000000000E+01    0.4149377593E-02
    41    0.4428472080E+00    0.4562463285E+00    0.5300614374E+03    0.0000000000E+00    0.2380000000E+03   -0.1000000000E+01    0.4201680672E-02
    42    0.2251223049E+00    0.2767659795E+00    0.6489961488E+03    0.1896749331E-01    0.5930000000E+03   -0.1000000000E+01    0.1686340641E-02
    43    0.2077327266E-01    0.6388635356E+00    0.3610358245E+03    0.0000000000E+00    0.2770000000E+03   -0.1000000000E+01    0.3610108303E-02
    44    0.8746085222E+00    0.8351820793E+00    0.2113588390E+03    0.0000000000E+00    0.2940000000E+03   -0.1000000000E+01    0.3401360544E-02
    45    0.4660141056E+00    0.0000000000E+00    0.5141660777E+03    0.0000000000E+00    0.2470000000E+03   -0.1000000000E+01    0.4048582996E-02
    46    0.4385005771E+00    0.0000000000E+00    0.5362043825E+03    0.2243952077E-02    0.4770000000E+03   -0.1000000000E+01    0.2096436059E-02
    47    0.6755648493E+00    0.3101552077E+00    0.3992124872E+03    0.0000000000E+00    0.2690000000E+03   -0.1000000000E+01    0.3717472119E-02
    48    0.5957822454E+00    0.1999728908E+00    0.4504954468E+03    0.0000000000E+00    0.2630000000E+03   -0.1000000000E+01    0.3802281369E-02
    49    0.4253289222E+00    0.1103227127E-01    0.5491647755E+03    0.2507556025E-02    0.5030000000E+03   -0.1000000000E+01    0.1988071571E-02
    50    0.4315293932E+00    0.3259035804E+00    0.5718565346E+03    0.0000000000E+00    0.2080000000E+03   -0.1000000000E+01    0.4807692308E-02
    51    0.4466145357E+00    0.2916194111E-01    0.5373496290E+03    0.1365382702E-02    0.3750000000E+03   -0.1000000000E+01    0.2666666667E-02
    52    0.4459722630E+00    0.4243109114E+00    0.5408227937E+03    0.0000000000E+00    0.2330000000E+03   -0.1000000000E+01    0.4291845494E-02
    53    0.5232498872E+00    0.6986230108E+00    0.3708724993E+03    0.0000000000E+00    0.2740000000E+03   -0.1000000000E+01    0.3649635036E-02
    54    0.6354723265E+00    0.9132954579E+00    0.2395442072E+03    0.0000000000E+00    0.2900000000E+03   -0.1000000000E+01    0.3448275862E-02
    55    0.4231783676E+00    0.1987344428E+00    0.5819312890E+03    0.0000000000E+00    0.1940000000E+03   -0.1000000000E+01    0.5154639175E-02
    56    0.4746474552E+00    0.6486433379E-01    0.5237527069E+03    0.0000000000E+00    0.2430000000E+03   -0.1000000000E+01    0.4115226337E-02
    57    0.2741020742E+00    0.3548429035E-02    0.6387595970E+03    0.5850582950E-01    0.5960000000E+03   -0.1000000000E+01    0.1677852349E-02
    58    0.3661256820E+00    0.7384808678E+00    0.3526521276E+03    0.0000000000E+00    0.2790000000E+03   -0.1000000000E+01    0.3584229391E-02
    59    0.4841800313E+00    0.5281351580E+00    0.4820130160E+03    0.0000000000E+00    0.2570000000E+03   -0.1000000000E+01    0.3891050584E-02
    60    0.6663709809E+00    0.1017244378E+00    0.3632239787E+03    0.0000000000E+00    0.2760000000E+03   -0.1000000000E+01    0.3623188406E-02
    61    0.1088151816E-01    0.9698443724E+00    0.1251606386E+03    0.0000000000E+00    0.3000000000E+03   -0.1000000000E+01    0.3333333333E-02
    62    0.8517484888E+00    0.8842853540E+00    0.2073291538E+03    0.0000000000E+00    0.2960000000E+03   -0.1000000000E+01    0.3378378378E-02
    63    0.4052456420E+00    0.2608229574E+00    0.5925184689E+03    0.0000000000E+00    0.1840000000E+03   -0.1000000000E+01    0.5434782609E-02
    64    0.5162888785E+00    0.2621581057E+00    0.5213154336E+03    0.0000000000E+00    0.2450000000E+03   -0.1000000000E+01    0.4081632653E-02
    65    0.4241117161E+00    0.6726045713E-01    0.5630485168E+03    0.0000000000E+00    0.2200000000E+03   -0.1000000000E+01    0.4545454545E-02
    66    0.4327465994E+00    0.2696753945E+00    0.5766488092E+03    0.0000000000E+00    0.1990000000E+03   -0.1000000000E+01    0.5025125628E-02
    67    0.4849797844E+00    0.4692444250E+00    0.5075191629E+03    0.0000000000E+00    0.2490000000E+03   -0.1000000000E+01    0.4016064257E-02
    68    0.4793357245E+00    0.3576627925E+00    0.5405821194E+03    0.0000000000E+00    0.2340000000E+03   -0.1000000000E+01    0.4273504274E-02
    69    0.2740135403E+00    0.3339593092E+00    0.6236392264E+03    0.2151936823E-02    0.4700000000E+03   -0.1000000000E+01    0.2127659574E-02
    70    0.3585543404E+00    0.1563734217E+00    0.6170001471E+03    0.4225868139E-02    0.5580000000E+03   -0.1000000000E+01    0.1792114695E-02
    71    0.5160723578E+00    0.2592456349E+00    0.5213441945E+03    0.0000000000E+00    0.2440000000E+03   -0.1000000000E+01    0.4098360656E-02
    72    0.4813505555E+00    0.2872090006E+00    0.5457746840E+03    0.0000000000E+00    0.2270000000E+03   -0.1000000000E+01    0.4405286344E-02
    73    0.4765048922E+00    0.3432062070E+00    0.5443592134E+03    0.0000000000E+00    0.2290000000E+03   -0.1000000000E+01    0.4366812227E-02
    74    0.4749583673E+00    0.3447995483E+00    0.5450508014E+03    0.0000000000E+00    0.2280000000E+03   -0.1000000000E+01    0.4385964912E-02
    75    0.4764884065E+00    0.8048070401E-02    0.5077247950E+03    0.0000000000E+00    0.2480000000E+03   -0.1000000000E+01    0.4032258065E-02
    76    0.4920912400E+00    0.2124135441E+00    0.5356850989E+03    0.0000000000E+00    0.2360000000E+03   -0.1000000000E+01    0.4237288136E-02
    77    0.3737328307E+00    0.2509765054E+00    0.6091004356E+03    0.0000000000E+00    0.1370000000E+03   -0.1000000000E+01    0.7299270073E-02
    78    0.5128633668E+00    0.2970554526E+00    0.5242565329E+03    0.0000000000E+00    0.2420000000E+03   -0.1000000000E+01    0.4132231405E-02
    79    0.4140434456E+00    0.3824099316E+00    0.5675277164E+03    0.0000000000E+00    0.2150000000E+03   -0.1000000000E+01    0.4651162791E-02
    80    0.4850261481E+00    0.3236294263E+00    0.5413359632E+03    0.0000000000E+00    0.2310000000E+03   -0.1000000000E+01    0.4329004329E-02
    81    0.4603172216E+00    0.1230179553E+00    0.5470836676E+03    0.0000000000E+00    0.2260000000E+03   -0.1000000000E+01    0.4424778761E-02
    82    0.4538375146E+00    0.2862797633E+00    0.5632403275E+03    0.0000000000E+00    0.2190000000E+03   -0.1000000000E+01    0.4566210046E-02
    83    0.3876200985E+00    0.1092765758E+00    0.5952098095E+03    0.2649756493E-02    0.5120000000E+03   -0.1000000000E+01    0.1953125000E-02
    84    0.4783490009E+00    0.8884499269E+00    0.2579260551E+03    0.0000000000E+00    0.2870000000E+03   -0.1000000000E+01    0.3484320557E-02
    85    0.2890452764E+00    0.5374408137E+00    0.5060825236E+03    0.0000000000E+00    0.2510000000E+03   -0.1000000000E+01    0.3984063745E-02
    86    0.1000000000E+01    0.4644627051E+00    0.2049889724E+03    0.0000000000E+00    0.2970000000E+03   -0.1000000000E+01    0.3367003367E-02
    87    0.4329726845E+00    0.2966814759E+00    0.5746539237E+03    0.0000000000E+00    0.2050000000E+03   -0.1000000000E+01    0.4878048780E-02
    88    0.4536235131E+00    0.2513504821E+00    0.5641979646E+03    0.0000000000E+00    0.2170000000E+03   -0.1000000000E+01    0.4608294931E-02
    89    0.5470228700E+00    0.3977810926E+00    0.4927205215E+03    0.0000000000E+00    0.2560000000E+03   -0.1000000000E+01    0.3906250000E-02
    90    0.4362413212E+00    0.3082582652E+00    0.5716566123E+03    0.0000000000E+00    0.2090000000E+03   -0.1000000000E+01    0.4784688995E-02
    91    0.5462881591E+00    0.1300640055E+00    0.4789096775E+03    0.0000000000E+00    0.2590000000E+03   -0.1000000000E+01    0.3861003861E-02
    92    0.5441447050E+00    0.1223267608E+00    0.4790239045E+03    0.0000000000E+00    0.2580000000E+03   -0.1000000000E+01    0.3875968992E-02
    93    0.3842168356E+00    0.7370552140E+00    0.3549562280E+03    0.0000000000E+00    0.2780000000E+03   -0.1000000000E+01    0.3597122302E-02
    94    0.3753867157E+00    0.6583670319E+00    0.4152430017E+03    0.0000000000E+00    0.2670000000E+03   -0.1000000000E+01    0.3745318352E-02
    95    0.4250624877E+00    0.3305991899E+00    0.5744048325E+03    0.0000000000E+00    0.2060000000E+03   -0.1000000000E+01    0.4854368932E-02
    96    0.4308609455E+00    0.7448405192E-01    0.5596268330E+03    0.0000000000E+00    0.2230000000E+03   -0.1000000000E+01    0.4484304933E-02
    97    0.3755708687E+00    0.1631347999E+00    0.6081290987E+03    0.0000000000E+00    0.1490000000E+03   -0.1000000000E+01    0.6711409396E-02
    98    0.4213403296E+00    0.2590363710E+00    0.5836913197E+03    0.0000000000E+00    0.1890000000E+03   -0.1000000000E+01    0.5291005291E-02
    99    0.4052496386E+00    0.2218516809E-02    0.5618085020E+03    0.5375974077E-02    0.5700000000E+03   -0.1000000000E+01    0.1754385965E-02
   100    0.5002126330E+00    0.3522509409E+00    0.5288187465E+03    0.0000000000E+00    0.2400000000E+03   -0.1000000000E+01    0.4166666667E-02
   101    0.4569407536E+00    0.2518970296E+00    0.5620622290E+03    0.0000000000E+00    0.2210000000E+03   -0.1000000000E+01    0.4524886878E-02
   102    0.3814940485E+00    0.2599024332E+00    0.6046867520E+03    0.0000000000E+00    0.1640000000E+03   -0.1000000000E+01    0.6097560976E-02
   103    0.4584289068E+00    0.3038076988E+00    0.5593092782E+03    0.0000000000E+00    0.2240000000E+03   -0.1000000000E+01    0.4464285714E-02
   104    0.4093872868E+00    0.2917844572E+00    0.5877518482E+03    0.0000000000E+00    0.1870000000E+03   -0.1000000000E+01    0.5347593583E-02
   105    0.4243752054E+00    0.1848712986E+00    0.5802331352E+03    0.0000000000E+00    0.1960000000E+03   -0.1000000000E+01    0.5102040816E-02
   106    0.3725359930E+00    0.2648396497E+00    0.6084524184E+03    0.0000000000E+00    0.1460000000E+03   -0.1000000000E+01    0.6849315068E-02
   107    0.3764296812E+00    0.2631539919E+00    0.6068127444E+03    0.0000000000E+00    0.1570000000E+03   -0.1000000000E+01    0.6369426752E-02
   108    0.4025487915E+00    0.2486454709E+00    0.5945677748E+03    0.0000000000E+00    0.1830000000E+03   -0.1000000000E+01    0.5464480874E-02
   109    0.4487221032E+00    0.2893497334E+00    0.5661452751E+03    0.0000000000E+00    0.2160000000E+03   -0.1000000000E+01    0.4629629630E-02
   110    0.4412928261E+00    0.2910490157E+00    0.5703973678E+03    0.0000000000E+00    0.2110000000E+03   -0.1000000000E+01    0.4739336493E-02
   111    0.4740443105E+00    0.4626004411E+00    0.5148698573E+03    0.0000000000E+00    0.2460000000E+03   -0.1000000000E+01    0.4065040650E-02
   112    0.4799388692E+00    0.0000000000E+00    0.5026166325E+03    0.0000000000E+00    0.2530000000E+03   -0.1000000000E+01    0.3952569170E-02
   113    0.4756686191E+00    0.3070788516E+00    0.5484854437E+03    0.0000000000E+00    0.2250000000E+03   -0.1000000000E+01    0.4444444444E-02
   114    0.4864121259E+00    0.3154068777E+00    0.5411123201E+03    0.0000000000E+00    0.2320000000E+03   -0.1000000000E+01    0.4310344828E-02
   115    0.3764627469E+00    0.6994748071E+00    0.3833789295E+03    0.0000000000E+00    0.2730000000E+03   -0.1000000000E+01    0.3663003663E-02
   116    0.3650496508E+00    0.6973730925E+00    0.3844950921E+03    0.0000000000E+00    0.2720000000E+03   -0.1000000000E+01    0.3676470588E-02
   117    0.3613928671E+00    0.2499637174E+00    0.6148782133E+03    0.0000000000E+00    0.9400000000E+02   -0.1000000000E+01    0.1063829787E-01
   118    0.4450865630E+00    0.2921913288E+00    0.5681020110E+03    0.0000000000E+00    0.2140000000E+03   -0.1000000000E+01    0.4672897196E-02
   119    0.4111723528E+00    0.8669064422E-01    0.5760133031E+03    0.0000000000E+00    0.2000000000E+03   -0.1000000000E+01    0.5000000000E-02
   120    0.3934214235E+00    0.2387699131E+00    0.5998260502E+03    0.0000000000E+00    0.1800000000E+03   -0.1000000000E+01    0.5555555556E-02
   121    0.3441514625E+00    0.3236552781E+00    0.6094118379E+03    0.0000000000E+00    0.1340000000E+03   -0.1000000000E+01    0.7462686567E-02
   122    0.3827067087E+00    0.2582868898E+00    0.6042263429E+03    0.0000000000E+00    0.1670000000E+03   -0.1000000000E+01    0.5988023952E-02
   123    0.3776027370E+00    0.2641576709E+00    0.6061687633E+03    0.0000000000E+00    0.1600000000E+03   -0.1000000000E+01    0.6250000000E-02
   124    0.3575229608E+00    0.2508401753E+00    0.6165165884E+03    0.1808862052E-02    0.4400000000E+03   -0.1000000000E+01    0.2272727273E-02
   125    0.4163967945E+00    0.1025963884E+00    0.5752208510E+03    0.1506403719E-02    0.3970000000E+03   -0.1000000000E+01    0.2518891688E-02
   126    0.4105272024E+00    0.2406452221E+00    0.5903743688E+03    0.0000000000E+00    0.1860000000E+03   -0.1000000000E+01    0.5376344086E-02
   127    0.3698930587E+00    0.2678611915E+00    0.6093333946E+03    0.0000000000E+00    0.1350000000E+03   -0.1000000000E+01    0.7407407407E-02
   128    0.3999580461E+00    0.2340627135E+00    0.5964039183E+03    0.0000000000E+00    0.1810000000E+03   -0.1000000000E+01    0.5524861878E-02
   129    0.4561254994E+00    0.2883934802E+00    0.5617310055E+03    0.0000000000E+00    0.2220000000E+03   -0.1000000000E+01    0.4504504505E-02
   130    0.4427985782E+00    0.2900776118E+00    0.5695917339E+03    0.0000000000E+00    0.2130000000E+03   -0.1000000000E+01    0.4694835681E-02
   131    0.3856976443E+00    0.2855527713E+00    0.6000489686E+03    0.0000000000E+00    0.1780000000E+03   -0.1000000000E+01    0.5617977528E-02
   132    0.4421532841E+00    0.2591570818E+00    0.5713472068E+03    0.0000000000E+00    0.2100000000E+03   -0.1000000000E+01    0.4761904762E-02
   133    0.3691891598E+00    0.2511759527E+00    0.6112204753E+03    0.0000000000E+00    0.1240000000E+03   -0.1000000000E+01    0.8064516129E-02
   134    0.3659365380E+00    0.2497642701E+00    0.6128343518E+03    0.0000000000E+00    0.1110000000E+03   -0.1000000000E+01    0.9009009009E-02
   135    0.4099599829E+00    0.3226562098E+00    0.5831393533E+03    0.0000000000E+00    0.1900000000E+03   -0.1000000000E+01    0.5263157895E-02
   136    0.5704260433E+00    0.1079288163E+00    0.4526767843E+03    0.0000000000E+00    0.2620000000E+03   -0.1000000000E+01    0.3816793893E-02
   137    0.3176454888E+00    0.2669426011E+00    0.6298059131E+03    0.1684938097E-02    0.4260000000E+03   -0.1000000000E+01    0.2347417840E-02
   138    0.3621954545E+00    0.2478607660E+00    0.6146909755E+03    0.1401364243E-02    0.3840000000E+03   -0.1000000000E+01    0.2604166667E-02
   139    0.3436099578E+00    0.2496904711E+00    0.6225156558E+03    0.0000000000E+00    0.4100000000E+02   -0.1000000000E+01    0.2439024390E-01
   140    0.3661214411E+00    0.2584497586E+00    0.6119888039E+03    0.0000000000E+00    0.1150000000E+03   -0.1000000000E+01    0.8695652174E-02
   141    0.3776068789E+00    0.2579936940E+00    0.6067089713E+03    0.0000000000E+00    0.1590000000E+03   -0.1000000000E+01    0.6289308176E-02
   142    0.3776200003E+00    0.2528852446E+00    0.6070996774E+03    0.0000000000E+00    0.1560000000E+03   -0.1000000000E+01    0.6410256410E-02
   143    0.4383209069E+00    0.2094729929E-01    0.5417379153E+03    0.2981137146E-02    0.5260000000E+03   -0.1000000000E+01    0.1901140684E-02
   144    0.4141442720E+00    0.3567923606E+00    0.5742572443E+03    0.0000000000E+00    0.2070000000E+03   -0.1000000000E+01    0.4830917874E-02
   145    0.3740998458E+00    0.1606473770E+00    0.6087839693E+03    0.1866236194E-02    0.4460000000E+03   -0.1000000000E+01    0.2242152466E-02
   146    0.3841777316E+00    0.2607743127E+00    0.6033120055E+03    0.0000000000E+00    0.1690000000E+03   -0.1000000000E+01    0.5917159763E-02
   147    0.3701296762E+00    0.2492407886E+00    0.6109300003E+03    0.0000000000E+00    0.1250000000E+03   -0.1000000000E+01    0.8000000000E-02
   148    0.3426694414E+00    0.2516256352E+00    0.6226924586E+03    0.1132707487E-02    0.3310000000E+03   -0.1000000000E+01    0.3021148036E-02
   149    0.3688005672E+00    0.2522516375E+00    0.6113143957E+03    0.0000000000E+00    0.1220000000E+03   -0.1000000000E+01    0.8196721311E-02
   150    0.3478868883E+00    0.3362432903E+00    0.6049258216E+03    0.0000000000E+00    0.1630000000E+03   -0.1000000000E+01    0.6134969325E-02
   151    0.3748937698E+00    0.2480182573E+00    0.6087541465E+03    0.1866267797E-02    0.4470000000E+03   -0.1000000000E+01    0.2237136465E-02
   152    0.3745498205E+00    0.2442784902E+00    0.6091601329E+03    0.0000000000E+00    0.1360000000E+03   -0.1000000000E+01    0.7352941176E-02
   153    0.3524370429E+00    0.2499144909E+00    0.6188049959E+03    0.0000000000E+00    0.6700000000E+02   -0.1000000000E+01    0.1492537313E-01
   154    0.4073187791E+00    0.2497396977E+00    0.5919177629E+03    0.0000000000E+00    0.1850000000E+03   -0.1000000000E+01    0.5405405405E-02
   155    0.3624352856E+00    0.1504559167E+00    0.6145013602E+03    0.5938218856E-02    0.5740000000E+03   -0.1000000000E+01    0.1742160279E-02
   156    0.4318329784E+00    0.3022765734E+00    0.5747275903E+03    0.0000000000E+00    0.2030000000E+03   -0.1000000000E+01    0.4926108374E-02
   157    0.3770496124E+00    0.2497597123E+00    0.6075959681E+03    0.0000000000E+00    0.1520000000E+03   -0.1000000000E+01    0.6578947368E-02
   158    0.3324968835E+00    0.2496950290E+00    0.6269091334E+03    0.0000000000E+00    0.1900000000E+02   -0.1000000000E+01    0.5263157895E-01
   159    0.4278153333E+00    0.3007157520E+00    0.5770815785E+03    0.0000000000E+00    0.1980000000E+03   -0.1000000000E+01    0.5050505051E-02
   160    0.3570874506E+00    0.2802754595E+00    0.6132132915E+03    0.0000000000E+00    0.1080000000E+03   -0.1000000000E+01    0.9259259259E-02
   161    0.4294022950E+00    0.3425116158E+00    0.5701120953E+03    0.0000000000E+00    0.2120000000E+03   -0.1000000000E+01    0.4716981132E-02
   162    0.4298285400E+00    0.3064720735E+00    0.5753540784E+03    0.0000000000E+00    0.2020000000E+03   -0.1000000000E+01    0.4950495050E-02
   163    0.3563536939E+00    0.1545135647E+00    0.6180487853E+03    0.4645215045E-02    0.5660000000E+03   -0.1000000000E+01    0.1766784452E-02
   164    0.3531928020E+00    0.2496866051E+00    0.6185023334E+03    0.2012974712E-02    0.4590000000E+03   -0.1000000000E+01    0.2178649237E-02
   165    0.3740639265E+00    0.2592007291E+00    0.6082778565E+03    0.0000000000E+00    0.1470000000E+03   -0.1000000000E+01    0.6802721088E-02
   166    0.3637586218E+00    0.2539169803E+00    0.6134710093E+03    0.1302325802E-02    0.3630000000E+03   -0.1000000000E+01    0.2754820937E-02
   167    0.3499778837E+00    0.2495585912E+00    0.6198846105E+03    0.2479322383E-02    0.5000000000E+03   -0.1000000000E+01    0.2000000000E-02
   168    0.3550249412E+00    0.3010146569E+00    0.6105328595E+03    0.0000000000E+00    0.1290000000E+03   -0.1000000000E+01    0.7751937984E-02
   169    0.3342752801E+00    0.3639720476E-01    0.6150634039E+03    0.3163338263E-01    0.5950000000E+03   -0.1000000000E+01    0.1680672269E-02
   170    0.6049513304E+00    0.3237832490E+00    0.4565728568E+03    0.0000000000E+00    0.2610000000E+03   -0.1000000000E+01    0.3831417625E-02
   171    0.3308373450E+00    0.2496929574E+00    0.6275416543E+03    0.2183626384E-02    0.4720000000E+03   -0.1000000000E+01    0.2118644068E-02
   172    0.3452694963E+00    0.2496925427E+00    0.6218353395E+03    0.1194390210E-02    0.3430000000E+03   -0.1000000000E+01    0.2915451895E-02
   173    0.3468998205E+00    0.2496897113E+00    0.6211613891E+03    0.0000000000E+00    0.4800000000E+02   -0.1000000000E+01    0.2083333333E-01
   174    0.3292070208E+00    0.2496957888E+00    0.6281564432E+03    0.0000000000E+00    0.1100000000E+02   -0.1000000000E+01    0.9090909091E-01
   175    0.3548173467E+00    0.2546045567E+00    0.6173285795E+03    0.0000000000E+00    0.7400000000E+02   -0.1000000000E+01    0.1351351351E-01
   176    0.3578159574E+00    0.2529701345E+00    0.6161911348E+03    0.0000000000E+00    0.8400000000E+02   -0.1000000000E+01    0.1190476190E-01
   177    0.3885800157E+00    0.2410089884E+00    0.6022886265E+03    0.0000000000E+00    0.1720000000E+03   -0.1000000000E+01    0.5813953488E-02
   178    0.3491516342E+00    0.3182925582E+00    0.6090149836E+03    0.0000000000E+00    0.1380000000E+03   -0.1000000000E+01    0.7246376812E-02
   179    0.3417881423E+00    0.3254608876E+00    0.6097249210E+03    0.0000000000E+00    0.1320000000E+03   -0.1000000000E+01    0.7575757576E-02
   180    0.3484802265E+00    0.3073823315E+00    0.6116600679E+03    0.0000000000E+00    0.1210000000E+03   -0.1000000000E+01    0.8264462810E-02
   181    0.3060336005E+00    0.2132936055E+00    0.6402759809E+03    0.6262667192E-02    0.5770000000E+03   -0.1000000000E+01    0.1733102253E-02
   182    0.3729113016E+00    0.2839856074E+00    0.6060214482E+03    0.0000000000E+00    0.1610000000E+03   -0.1000000000E+01    0.6211180124E-02
   183    0.3638402662E+00    0.2500210400E+00    0.6137698345E+03    0.0000000000E+00    0.1050000000E+03   -0.1000000000E+01    0.9523809524E-02
   184    0.3722259481E+00    0.2536632956E+00    0.6096048487E+03    0.0000000000E+00    0.1330000000E+03   -0.1000000000E+01    0.7518796992E-02
   185    0.3233956594E+00    0.2496824110E+00    0.6303024523E+03    0.2659446634E-02    0.5130000000E+03   -0.1000000000E+01    0.1949317739E-02
   186    0.3160506907E+00    0.2495387743E+00    0.6329247800E+03    0.3543748636E-02    0.5500000000E+03   -0.1000000000E+01    0.1818181818E-02
   187    0.3721532465E+00    0.2628105956E+00    0.6088280956E+03    0.0000000000E+00    0.1400000000E+03   -0.1000000000E+01    0.7142857143E-02
   188    0.3718037387E+00    0.2642513250E+00    0.6088461061E+03    0.0000000000E+00    0.1390000000E+03   -0.1000000000E+01    0.7194244604E-02
   189    0.3629741763E+00    0.2602343161E+00    0.6132138625E+03    0.1026236376E-02    0.3070000000E+03   -0.1000000000E+01    0.3257328990E-02
   190    0.4173996463E+00    0.2490556178E+00    0.5862687857E+03    0.0000000000E+00    0.1880000000E+03   -0.1000000000E+01    0.5319148936E-02
   191    0.3522215021E+00    0.2877487921E+00    0.6139678506E+03    0.0000000000E+00    0.1030000000E+03   -0.1000000000E+01    0.9708737864E-02
   192    0.3736665158E+00    0.2447783049E+00    0.6095556885E+03    0.1112266697E-02    0.3290000000E+03   -0.1000000000E+01    0.3039513678E-02
   193    0.3597314346E+00    0.2584534764E+00    0.6148163636E+03    0.0000000000E+00    0.9500000000E+02   -0.1000000000E+01    0.1052631579E-01
   194    0.3661565832E+00    0.2740736206E+00    0.6102540386E+03    0.1027921260E-02    0.3080000000E+03   -0.1000000000E+01    0.3246753247E-02
   195    0.2429398612E+00    0.2496959731E+00    0.6526017418E+03    0.9905242898E-02    0.5850000000E+03   -0.1000000000E+01    0.1709401709E-02
   196    0.3329373692E+00    0.2496948447E+00    0.6267402575E+03    0.1036297318E-02    0.3110000000E+03   -0.1000000000E+01    0.3215434084E-02
   197    0.3482456381E+00    0.3074396121E+00    0.6117314704E+03    0.0000000000E+00    0.1180000000E+03   -0.1000000000E+01    0.8474576271E-02
   198    0.3557233428E+00    0.2654575029E+00    0.6157490116E+03    0.0000000000E+00    0.8900000000E+02   -0.1000000000E+01    0.1123595506E-01
   199    0.3307838849E+00    0.2496949969E+00    0.6275616510E+03    0.1389888100E-02    0.3800000000E+03   -0.1000000000E+01    0.2631578947E-02
   200    0.3309200194E+00    0.2496958209E+00    0.6275099459E+03    0.1145894368E-02    0.3330000000E+03   -0.1000000000E+01    0.3003003003E-02
   201    0.3223524680E+00    0.2504918962E+00    0.6305766683E+03    0.2839515900E-02    0.5190000000E+03   -0.1000000000E+01    0.1926782274E-02
   202    0.3679603729E+00    0.2521732673E+00    0.6117087329E+03    0.0000000000E+00    0.1200000000E+03   -0.1000000000E+01    0.8333333333E-02
   203    0.3700486541E+00    0.2520455246E+00    0.6107517009E+03    0.0000000000E+00    0.1270000000E+03   -0.1000000000E+01    0.7874015748E-02
   204    0.3709778612E+00    0.2538694084E+00    0.6101715111E+03    0.0000000000E+00    0.1300000000E+03   -0.1000000000E+01    0.7692307692E-02
   205    0.3244363525E+00    0.2497495779E+00    0.6299156771E+03    0.2625843499E-02    0.5090000000E+03   -0.1000000000E+01    0.1964636542E-02
   206    0.3547485520E+00    0.2495048021E+00    0.6178476753E+03    0.1397046227E-02    0.3830000000E+03   -0.1000000000E+01    0.2610966057E-02
   207    0.3432918581E+00    0.3275891905E+00    0.6086955299E+03    0.0000000000E+00    0.1420000000E+03   -0.1000000000E+01    0.7042253521E-02
   208    0.3469765107E+00    0.3052540286E+00    0.6126388066E+03    0.0000000000E+00    0.1120000000E+03   -0.1000000000E+01    0.8928571429E-02
   209    0.3756962103E+00    0.2582388970E+00    0.6075946549E+03    0.0000000000E+00    0.1530000000E+03   -0.1000000000E+01    0.6535947712E-02
   210    0.3308645998E+00    0.2506568610E+00    0.6274173864E+03    0.2975228064E-02    0.5240000000E+03   -0.1000000000E+01    0.1908396947E-02
   211    0.3537818972E+00    0.2613718507E+00    0.6170398265E+03    0.0000000000E+00    0.7700000000E+02   -0.1000000000E+01    0.1298701299E-01
   212    0.3472288623E+00    0.2525752632E+00    0.6207291164E+03    0.0000000000E+00    0.5100000000E+02   -0.1000000000E+01    0.1960784314E-01
   213    0.3301857333E+00    0.3478220616E+00    0.6067668313E+03    0.0000000000E+00    0.1580000000E+03   -0.1000000000E+01    0.6329113924E-02
   214    0.2751921864E+00    0.2498809037E+00    0.6452311433E+03    0.3229469518E-02    0.5360000000E+03   -0.1000000000E+01    0.1865671642E-02
   215    0.3497496668E+00    0.2541309795E+00    0.6195191539E+03    0.1623491229E-02    0.4170000000E+03   -0.1000000000E+01    0.2398081535E-02
   216    0.3748406227E+00    0.2585941069E+00    0.6079670463E+03    0.0000000000E+00    0.1510000000E+03   -0.1000000000E+01    0.6622516556E-02
   217    0.3473226418E+00    0.2332719861E+00    0.6223770198E+03    0.1387584250E-02    0.3790000000E+03   -0.1000000000E+01    0.2638522427E-02
   218    0.3468060410E+00    0.2522629317E+00    0.6209364380E+03    0.0000000000E+00    0.5000000000E+02   -0.1000000000E+01    0.2000000000E-01
   219    0.3551551974E+00    0.2033813148E+00    0.6199961271E+03    0.1924250743E-02    0.4520000000E+03   -0.1000000000E+01    0.2212389381E-02
   220    0.3188387760E+00    0.2620855580E+00    0.6301752847E+03    0.2320201567E-02    0.4880000000E+03   -0.1000000000E+01    0.2049180328E-02
   221    0.3607309160E+00    0.2566264186E+00    0.6145622825E+03    0.1579497724E-02    0.4110000000E+03   -0.1000000000E+01    0.2433090024E-02
   222    0.3222580020E+00    0.2544412209E+00    0.6300909634E+03    0.2289282812E-02    0.4790000000E+03   -0.1000000000E+01    0.2087682672E-02
   223    0.3504744872E+00    0.3030842306E+00    0.6118203166E+03    0.0000000000E+00    0.1170000000E+03   -0.1000000000E+01    0.8547008547E-02
   224    0.3502272414E+00    0.2920468930E+00    0.6139892513E+03    0.0000000000E+00    0.1020000000E+03   -0.1000000000E+01    0.9803921569E-02
   225    0.3489250014E+00    0.2533564123E+00    0.6199440264E+03    0.1013873496E-02    0.3040000000E+03   -0.1000000000E+01    0.3289473684E-02
   226    0.3517567163E+00    0.2577051496E+00    0.6182972895E+03    0.0000000000E+00    0.6900000000E+02   -0.1000000000E+01    0.1449275362E-01
   227    0.3290134576E+00    0.2496957902E+00    0.6282291014E+03    0.2318843083E-02    0.4870000000E+03   -0.1000000000E+01    0.2053388090E-02
   228    0.3311135826E+00    0.1643505292E+00    0.6310483867E+03    0.8914405006E-02    0.5830000000E+03   -0.1000000000E+01    0.1715265866E-02
   229    0.3084210601E+00    0.2007519187E+00    0.6402080731E+03    0.3257312325E-02    0.5370000000E+03   -0.1000000000E+01    0.1862197393E-02
   230    0.3146164872E+00    0.2055552241E+00    0.6375651063E+03    0.5926130424E-02    0.5730000000E+03   -0.1000000000E+01    0.1745200698E-02
   231    0.3496653499E+00    0.2650293867E+00    0.6182962851E+03    0.1675851732E-02    0.4220000000E+03   -0.1000000000E+01    0.2369668246E-02
   232    0.3769557355E+00    0.2538264951E+00    0.6073491120E+03    0.0000000000E+00    0.1550000000E+03   -0.1000000000E+01    0.6451612903E-02
   233    0.3229432672E+00    0.2497688553E+00    0.6304554215E+03    0.1362322702E-02    0.3740000000E+03   -0.1000000000E+01    0.2673796791E-02
   234    0.3307001062E+00    0.2496765114E+00    0.6275955964E+03    0.2736386897E-02    0.5160000000E+03   -0.1000000000E+01    0.1937984496E-02
   235    0.3338570180E+00    0.2413584994E+00    0.6272731855E+03    0.1269964452E-02    0.3550000000E+03   -0.1000000000E+01    0.2816901408E-02
   236    0.3282873907E+00    0.2386143301E+00    0.6297175128E+03    0.3308095444E-02    0.5420000000E+03   -0.1000000000E+01    0.1845018450E-02
   237    0.3291582293E+00    0.2496957750E+00    0.6281747539E+03    0.1327109360E-02    0.3690000000E+03   -0.1000000000E+01    0.2710027100E-02
   238    0.3771092675E+00    0.2496958347E+00    0.6075714260E+03    0.0000000000E+00    0.1540000000E+03   -0.1000000000E+01    0.6493506494E-02
   239    0.3573353047E+00    0.3312623224E+00    0.6030515885E+03    0.0000000000E+00    0.1700000000E+03   -0.1000000000E+01    0.5882352941E-02
   240    0.3457276801E+00    0.2307818465E+00    0.6232390278E+03    0.1288647625E-02    0.3600000000E+03   -0.1000000000E+01    0.2777777778E-02
   241    0.3418141669E+00    0.2457714338E+00    0.6236440942E+03    0.1251538143E-02    0.3520000000E+03   -0.1000000000E+01    0.2840909091E-02
   242    0.3428717537E+00    0.2473634484E+00    0.6230541556E+03    0.1326705830E-02    0.3680000000E+03   -0.1000000000E+01    0.2717391304E-02
   243    0.3579430422E+00    0.2464499991E+00    0.6167114336E+03    0.0000000000E+00    0.8200000000E+02   -0.1000000000E+01    0.1219512195E-01
   244    0.3269873214E+00    0.2687032926E+00    0.6263389333E+03    0.0000000000E+00    0.2100000000E+02   -0.1000000000E+01    0.4761904762E-01
   245    0.3499763153E+00    0.2538796700E+00    0.6194509107E+03    0.0000000000E+00    0.6300000000E+02   -0.1000000000E+01    0.1587301587E-01
   246    0.3490092634E+00    0.2564007428E+00    0.6195820580E+03    0.1300523376E-02    0.3610000000E+03   -0.1000000000E+01    0.2770083102E-02
   247    0.3035037059E+00    0.2178658076E+00    0.6408008877E+03    0.3299892887E-02    0.5410000000E+03   -0.1000000000E+01    0.1848428835E-02
   248    0.3069042125E+00    0.1222299061E+00    0.6400362294E+03    0.2072372438E-01    0.5940000000E+03   -0.1000000000E+01    0.1683501684E-02
   249    0.3427249907E+00    0.2542949403E+00    0.6223748254E+03    0.1033862585E-02    0.3100000000E+03   -0.1000000000E+01    0.3225806452E-02
   250    0.3382387465E+00    0.2531059981E+00    0.6242899032E+03    0.1081207676E-02    0.3210000000E+03   -0.1000000000E+01    0.3115264798E-02
   251    0.3480397101E+00    0.2438389500E+00    0.6212335270E+03    0.1256150637E-02    0.3530000000E+03   -0.1000000000E+01    0.2832861190E-02
   252    0.3469456338E+00    0.3139903418E+00    0.6107598935E+03    0.0000000000E+00    0.1260000000E+03   -0.1000000000E+01    0.7936507937E-02
   253    0.2985676883E+00    0.2412258778E+00    0.6398406826E+03    0.2301341299E-02    0.4830000000E+03   -0.1000000000E+01    0.2070393375E-02
   254    0.3053896690E+00    0.2434706469E+00    0.6373334484E+03    0.2021585085E-02    0.4610000000E+03   -0.1000000000E+01    0.2169197397E-02
   255    0.3511636528E+00    0.2534276247E+00    0.6189995350E+03    0.0000000000E+00    0.6600000000E+02   -0.1000000000E+01    0.1515151515E-01
   256    0.3478219259E+00    0.2568527882E+00    0.6200202701E+03    0.0000000000E+00    0.6000000000E+02   -0.1000000000E+01    0.1666666667E-01
   257    0.3313748886E+00    0.2624854786E+00    0.6256920334E+03    0.1078478619E-02    0.3190000000E+03   -0.1000000000E+01    0.3134796238E-02
   258    0.3575635669E+00    0.2456637866E+00    0.6169443657E+03    0.1508566675E-02    0.4000000000E+03   -0.1000000000E+01    0.2500000000E-02
   259    0.3471877480E+00    0.2521091107E+00    0.6207949099E+03    0.1017736442E-02    0.3050000000E+03   -0.1000000000E+01    0.3278688525E-02
   260    0.3468471554E+00    0.2527290842E+00    0.6208704211E+03    0.1628206986E-02    0.4180000000E+03   -0.1000000000E+01    0.2392344498E-02
   261    0.3401404685E+00    0.2620198451E+00    0.6224530299E+03    0.1190888613E-02    0.3420000000E+03   -0.1000000000E+01    0.2923976608E-02
   262    0.3330245056E+00    0.1756544780E+00    0.6303913919E+03    0.7182133989E-02    0.5800000000E+03   -0.1000000000E+01    0.1724137931E-02
   263    0.3466402179E+00    0.2522694911E+00    0.6210041101E+03    0.1009694275E-02    0.3030000000E+03   -0.1000000000E+01    0.3300330033E-02
   264    0.3472551750E+00    0.2525863147E+00    0.6207170980E+03    0.2059335718E-02    0.4630000000E+03   -0.1000000000E+01    0.2159827214E-02
   265    0.3103772053E+00    0.2666720930E+00    0.6322050306E+03    0.4436441989E-02    0.5620000000E+03   -0.1000000000E+01    0.1779359431E-02
   266    0.3302264294E+00    0.2542941313E+00    0.6272105729E+03    0.1453793604E-02    0.3890000000E+03   -0.1000000000E+01    0.2570694087E-02
   267    0.3591501264E+00    0.2558377406E+00    0.6153322138E+03    0.0000000000E+00    0.9100000000E+02   -0.1000000000E+01    0.1098901099E-01
   268    0.3200332097E+00    0.2482989008E+00    0.6316853718E+03    0.1795266679E-02    0.4380000000E+03   -0.1000000000E+01    0.2283105023E-02
   269    0.3495568542E+00    0.2501697441E+00    0.6200026556E+03    0.0000000000E+00    0.6100000000E+02   -0.1000000000E+01    0.1639344262E-01
   270    0.3242365082E+00    0.2447683444E+00    0.6305852831E+03    0.1941750862E-02    0.4550000000E+03   -0.1000000000E+01    0.2197802198E-02
   271    0.3382715759E+00    0.2614576847E+00    0.6232460976E+03    0.1157109757E-02    0.3360000000E+03   -0.1000000000E+01    0.2976190476E-02
   272    0.3378810788E+00    0.3022284459E+00    0.6164243610E+03    0.0000000000E+00    0.8300000000E+02   -0.1000000000E+01    0.1204819277E-01
   273    0.3470978512E+00    0.2573411473E+00    0.6202609096E+03    0.0000000000E+00    0.5700000000E+02   -0.1000000000E+01    0.1754385965E-01
   274    0.3475301157E+00    0.2517745725E+00    0.6206878449E+03    0.0000000000E+00    0.5300000000E+02   -0.1000000000E+01    0.1886792453E-01
   275    0.3441268669E+00    0.2356761006E+00    0.6235699606E+03    0.2339708730E-02    0.4890000000E+03   -0.1000000000E+01    0.2044989775E-02
   276    0.2898621003E+00    0.2640672209E+00    0.6387373158E+03    0.2300557263E-02    0.4820000000E+03   -0.1000000000E+01    0.2074688797E-02
   277    0.3317293280E+00    0.2502546418E+00    0.6271369023E+03    0.2444877115E-02    0.4980000000E+03   -0.1000000000E+01    0.2008032129E-02
   278    0.3442837338E+00    0.2517040787E+00    0.6220294080E+03    0.1887745680E-02    0.4480000000E+03   -0.1000000000E+01    0.2232142857E-02
   279    0.3188872281E+00    0.3147267464E+00    0.6193982454E+03    0.0000000000E+00    0.6400000000E+02   -0.1000000000E+01    0.1562500000E-01
   280    0.3592637460E+00    0.2481711596E+00    0.6159809162E+03    0.1506990990E-02    0.3990000000E+03   -0.1000000000E+01    0.2506265664E-02
   281    0.3502049356E+00    0.2493158765E+00    0.6198119093E+03    0.1525386842E-02    0.4040000000E+03   -0.1000000000E+01    0.2475247525E-02
   282    0.3258081263E+00    0.2526428440E+00    0.6290501693E+03    0.2087232331E-02    0.4640000000E+03   -0.1000000000E+01    0.2155172414E-02
   283    0.3694843969E+00    0.2444021808E+00    0.6115750296E+03    0.1517257613E-02    0.4020000000E+03   -0.1000000000E+01    0.2487562189E-02
   284    0.3578521120E+00    0.2973405469E+00    0.6101288823E+03    0.0000000000E+00    0.1310000000E+03   -0.1000000000E+01    0.7633587786E-02
   285    0.3375887124E+00    0.2512125591E+00    0.6247613264E+03    0.0000000000E+00    0.2900000000E+02   -0.1000000000E+01    0.3448275862E-01
   286    0.3427819611E+00    0.2519108544E+00    0.6226161312E+03    0.2293839174E-02    0.4800000000E+03   -0.1000000000E+01    0.2083333333E-02
   287    0.3538718084E+00    0.2725139064E+00    0.6156127677E+03    0.0000000000E+00    0.9000000000E+02   -0.1000000000E+01    0.1111111111E-01
   288    0.3199215540E+00    0.1595457520E+00    0.6360091171E+03    0.1216093148E-01    0.5880000000E+03   -0.1000000000E+01    0.1700680272E-02
   289    0.3376709617E+00    0.3109732578E+00    0.6145687224E+03    0.0000000000E+00    0.9700000000E+02   -0.1000000000E+01    0.1030927835E-01
   290    0.3271974385E+00    0.2599584807E+00    0.6275648201E+03    0.1896941999E-02    0.4500000000E+03   -0.1000000000E+01    0.2222222222E-02
   291    0.3595831796E+00    0.2289123616E+00    0.6171221118E+03    0.0000000000E+00    0.7600000000E+02   -0.1000000000E+01    0.1315789474E-01
   292    0.3088609028E+00    0.3359841290E+00    0.6159297028E+03    0.0000000000E+00    0.8700000000E+02   -0.1000000000E+01    0.1149425287E-01
   293    0.3296223886E+00    0.2575565236E+00    0.6270106740E+03    0.1632335736E-02    0.4190000000E+03   -0.1000000000E+01    0.2386634845E-02
   294    0.3265719536E+00    0.2608425579E+00    0.6276642368E+03    0.2304345482E-02    0.4850000000E+03   -0.1000000000E+01    0.2061855670E-02
   295    0.3298892970E+00    0.2587502515E+00    0.6267523518E+03    0.0000000000E+00    0.2000000000E+02   -0.1000000000E+01    0.5000000000E-01
   296    0.3263050453E+00    0.2596488300E+00    0.6279289515E+03    0.1261019370E-02    0.3540000000E+03   -0.1000000000E+01    0.2824858757E-02
   297    0.3495077748E+00    0.2501120794E+00    0.6200289617E+03    0.1091865708E-02    0.3240000000E+03   -0.1000000000E+01    0.3086419753E-02
   298    0.3475791951E+00    0.2518322372E+00    0.6206615457E+03    0.0000000000E+00    0.5400000000E+02   -0.1000000000E+01    0.1851851852E-01
   299    0.3179462414E+00    0.2454718344E+00    0.6327803155E+03    0.2981239844E-02    0.5270000000E+03   -0.1000000000E+01    0.1897533207E-02
   300    0.3084025081E+00    0.2840829869E+00    0.6295246410E+03    0.0000000000E+00    0.4000000000E+01   -0.1000000000E+01    0.2500000000E+00
   301    0.3315113375E+00    0.2500056748E+00    0.6272490427E+03    0.0000000000E+00    0.1600000000E+02   -0.1000000000E+01    0.6250000000E-01
   302    0.3165829114E+00    0.3144168604E+00    0.6201261487E+03    0.0000000000E+00    0.5900000000E+02   -0.1000000000E+01    0.1694915254E-01
   303    0.3295920621E+00    0.2637369601E+00    0.6261622583E+03    0.1759566630E-02    0.4360000000E+03   -0.1000000000E+01    0.2293577982E-02
   304    0.3266022801E+00    0.2546621213E+00    0.6284990593E+03    0.1691311775E-02    0.4280000000E+03   -0.1000000000E+01    0.2336448598E-02
   305    0.3313001626E+00    0.1985607526E+00    0.6309952794E+03    0.1994654579E-02    0.4580000000E+03   -0.1000000000E+01    0.2183406114E-02
   306    0.3305392320E+00    0.2502766269E+00    0.6275856182E+03    0.3522169304E-02    0.5490000000E+03   -0.1000000000E+01    0.1821493625E-02
   307    0.3783353860E+00    0.3293757671E+00    0.5956555976E+03    0.0000000000E+00    0.1820000000E+03   -0.1000000000E+01    0.5494505495E-02
   308    0.2997019685E+00    0.2411887199E+00    0.6394844879E+03    0.2411869241E-02    0.4930000000E+03   -0.1000000000E+01    0.2028397566E-02
   309    0.3301044866E+00    0.2572828033E+00    0.6268693060E+03    0.2148945351E-02    0.4690000000E+03   -0.1000000000E+01    0.2132196162E-02
   310    0.3344715472E+00    0.2626330484E+00    0.6245256505E+03    0.0000000000E+00    0.3200000000E+02   -0.1000000000E+01    0.3125000000E-01
   311    0.3487759072E+00    0.2575437218E+00    0.6195509060E+03    0.1929398883E-02    0.4530000000E+03   -0.1000000000E+01    0.2207505519E-02
   312    0.3591434503E+00    0.2427859473E+00    0.6164620847E+03    0.1833936721E-02    0.4420000000E+03   -0.1000000000E+01    0.2262443439E-02
   313    0.3431661629E+00    0.2338915513E+00    0.6241138510E+03    0.0000000000E+00    0.3500000000E+02   -0.1000000000E+01    0.2857142857E-01
   314    0.3252779195E+00    0.3310049392E+00    0.6131821630E+03    0.0000000000E+00    0.1090000000E+03   -0.1000000000E+01    0.9174311927E-02
   315    0.3464932711E+00    0.2519251734E+00    0.6211007515E+03    0.1506949630E-02    0.3980000000E+03   -0.1000000000E+01    0.2512562814E-02
   316    0.3386746364E+00    0.3475942552E+00    0.6044639929E+03    0.0000000000E+00    0.1650000000E+03   -0.1000000000E+01    0.6060606061E-02
   317    0.2801784648E+00    0.3450973433E+00    0.6185820383E+03    0.3259762826E-02    0.5380000000E+03   -0.1000000000E+01    0.1858736059E-02
   318    0.3677277144E+00    0.2124153503E+00    0.6137057730E+03    0.3917290957E-02    0.5570000000E+03   -0.1000000000E+01    0.1795332136E-02
   319    0.3585730936E+00    0.3030897606E+00    0.6087884620E+03    0.0000000000E+00    0.1410000000E+03   -0.1000000000E+01    0.7092198582E-02
   320    0.3677842963E+00    0.3250973142E+00    0.6007110130E+03    0.0000000000E+00    0.1730000000E+03   -0.1000000000E+01    0.5780346821E-02
   321    0.3401576865E+00    0.2966715113E+00    0.6167774735E+03    0.0000000000E+00    0.8100000000E+02   -0.1000000000E+01    0.1234567901E-01
   322    0.2987840536E+00    0.2376881025E+00    0.6402396686E+03    0.3586715045E-02    0.5510000000E+03   -0.1000000000E+01    0.1814882033E-02
   323    0.3317598057E+00    0.2538045434E+00    0.6266970770E+03    0.2110546268E-02    0.4660000000E+03   -0.1000000000E+01    0.2145922747E-02
   324    0.4246423930E+00    0.2517021470E+00    0.5820056203E+03    0.0000000000E+00    0.1930000000E+03   -0.1000000000E+01    0.5181347150E-02
   325    0.3476014379E+00    0.2517584639E+00    0.6206598989E+03    0.1336506442E-02    0.3700000000E+03   -0.1000000000E+01    0.2702702703E-02
   326    0.3475078729E+00    0.2518483458E+00    0.6206894351E+03    0.0000000000E+00    0.5200000000E+02   -0.1000000000E+01    0.1923076923E-01
   327    0.3916043625E+00    0.3651669493E+00    0.5814417439E+03    0.0000000000E+00    0.1950000000E+03   -0.1000000000E+01    0.5128205128E-02
   328    0.3369359591E+00    0.3065439273E+00    0.6158082618E+03    0.0000000000E+00    0.8800000000E+02   -0.1000000000E+01    0.1136363636E-01
   329    0.3282893570E+00    0.2586027188E+00    0.6273573475E+03    0.2298446635E-02    0.4810000000E+03   -0.1000000000E+01    0.2079002079E-02
   330    0.3279049852E+00    0.2597963626E+00    0.6273321820E+03    0.1427389395E-02    0.3880000000E+03   -0.1000000000E+01    0.2577319588E-02
   331    0.3361342015E+00    0.2627828881E+00    0.6238813825E+03    0.1404084868E-02    0.3850000000E+03   -0.1000000000E+01    0.2597402597E-02
   332    0.3282266427E+00    0.2586004118E+00    0.6273804734E+03    0.1271976691E-02    0.3580000000E+03   -0.1000000000E+01    0.2793296089E-02
   333    0.2343476562E+00    0.2528022096E+00    0.6535368948E+03    0.8051442752E-02    0.5810000000E+03   -0.1000000000E+01    0.1721170396E-02
   334    0.3758628134E+00    0.2428125303E+00    0.6086081753E+03    0.0000000000E+00    0.1430000000E+03   -0.1000000000E+01    0.6993006993E-02
   335    0.3645273137E+00    0.2540552229E+00    0.6131125946E+03    0.1052797388E-02    0.3150000000E+03   -0.1000000000E+01    0.3174603175E-02
   336    0.3623702262E+00    0.2538642425E+00    0.6140974619E+03    0.0000000000E+00    0.1010000000E+03   -0.1000000000E+01    0.9900990099E-02
   337    0.3475074339E+00    0.2933888490E+00    0.6147619568E+03    0.0000000000E+00    0.9600000000E+02   -0.1000000000E+01    0.1041666667E-01
   338    0.3432379241E+00    0.2421750323E+00    0.6233972797E+03    0.1078686027E-02    0.3200000000E+03   -0.1000000000E+01    0.3125000000E-02
   339    0.2809882857E+00    0.2750227111E+00    0.6388386225E+03    0.3357885946E-02    0.5440000000E+03   -0.1000000000E+01    0.1838235294E-02
   340    0.3190521682E+00    0.2687091057E+00    0.6290478225E+03    0.1052231521E-02    0.3140000000E+03   -0.1000000000E+01    0.3184713376E-02
   341    0.3313910713E+00    0.3419653728E+00    0.6082509643E+03    0.0000000000E+00    0.1480000000E+03   -0.1000000000E+01    0.6756756757E-02
   342    0.3308228072E+00    0.2955834937E+00    0.6201664459E+03    0.0000000000E+00    0.5800000000E+02   -0.1000000000E+01    0.1724137931E-01
   343    0.3288195182E+00    0.3161853835E+00    0.6161149197E+03    0.0000000000E+00    0.8500000000E+02   -0.1000000000E+01    0.1176470588E-01
   344    0.3371408005E+00    0.2533905931E+00    0.6246857391E+03    0.1344319778E-02    0.3720000000E+03   -0.1000000000E+01    0.2688172043E-02
   345    0.3296712393E+00    0.2606329964E+00    0.6265741156E+03    0.1238177221E-02    0.3500000000E+03   -0.1000000000E+01    0.2857142857E-02
   346    0.3317293952E+00    0.2481229299E+00    0.6273829007E+03    0.1694558001E-02    0.4300000000E+03   -0.1000000000E+01    0.2325581395E-02
   347    0.3513248672E+00    0.2393877961E+00    0.6201868751E+03    0.1593313005E-02    0.4140000000E+03   -0.1000000000E+01    0.2415458937E-02
   348    0.3542115218E+00    0.2483679977E+00    0.6181834543E+03    0.1392984763E-02    0.3810000000E+03   -0.1000000000E+01    0.2624671916E-02
   349    0.3560488179E+00    0.2379942884E+00    0.6181981591E+03    0.0000000000E+00    0.7000000000E+02   -0.1000000000E+01    0.1428571429E-01
   350    0.2999328854E+00    0.2979209357E+00    0.6287668546E+03    0.1487936358E-02    0.3940000000E+03   -0.1000000000E+01    0.2538071066E-02
   351    0.3606994734E+00    0.2216116543E+00    0.6169098181E+03    0.0000000000E+00    0.7900000000E+02   -0.1000000000E+01    0.1265822785E-01
   352    0.3033913110E+00    0.3446535520E+00    0.6143199114E+03    0.0000000000E+00    0.9900000000E+02   -0.1000000000E+01    0.1010101010E-01
   353    0.3457090440E+00    0.2353416505E+00    0.6229216315E+03    0.0000000000E+00    0.4000000000E+02   -0.1000000000E+01    0.2500000000E-01
   354    0.4368693135E+00    0.2514496206E+00    0.5746942808E+03    0.0000000000E+00    0.2040000000E+03   -0.1000000000E+01    0.4901960784E-02
   355    0.3138549842E+00    0.3081366988E+00    0.6224854053E+03    0.1157512761E-02    0.3370000000E+03   -0.1000000000E+01    0.2967359050E-02
   356    0.3111304353E+00    0.2903631485E+00    0.6273979469E+03    0.1000240435E-02    0.3010000000E+03   -0.1000000000E+01    0.3322259136E-02
   357    0.2983552131E+00    0.2727377833E+00    0.6347047207E+03    0.2979460827E-02    0.5250000000E+03   -0.1000000000E+01    0.1904761905E-02
   358    0.3728759158E+00    0.3171105881E+00    0.6004349698E+03    0.0000000000E+00    0.1750000000E+03   -0.1000000000E+01    0.5714285714E-02
   359    0.3041109026E+00    0.2825992307E+00    0.6310766296E+03    0.3106114600E-02    0.5320000000E+03   -0.1000000000E+01    0.1879699248E-02
   360    0.3339139942E+00    0.2590402798E+00    0.6252178507E+03    0.2267063165E-02    0.4780000000E+03   -0.1000000000E+01    0.2092050209E-02
   361    0.3439899193E+00    0.2355077337E+00    0.6236411272E+03    0.0000000000E+00    0.3800000000E+02   -0.1000000000E+01    0.2631578947E-01
   362    0.3448852875E+00    0.1434353295E+00    0.6232803512E+03    0.5915100544E-02    0.5720000000E+03   -0.1000000000E+01    0.1748251748E-02
   363    0.3379849922E+00    0.3036045504E+00    0.6160967929E+03    0.0000000000E+00    0.8600000000E+02   -0.1000000000E+01    0.1162790698E-01
   364    0.3325525502E+00    0.3228378263E+00    0.6132869681E+03    0.0000000000E+00    0.1070000000E+03   -0.1000000000E+01    0.9345794393E-02
   365    0.2980539880E+00    0.2572636749E+00    0.6375824755E+03    0.4377598760E-02    0.5610000000E+03   -0.1000000000E+01    0.1782531194E-02
   366    0.3560575640E+00    0.2621609625E+00    0.6159927393E+03    0.1549902101E-02    0.4100000000E+03   -0.1000000000E+01    0.2439024390E-02
   367    0.3444543768E+00    0.2336790566E+00    0.6235818847E+03    0.1763939803E-02    0.4370000000E+03   -0.1000000000E+01    0.2288329519E-02
   368    0.3444208301E+00    0.2602862046E+00    0.6209916685E+03    0.1682928955E-02    0.4250000000E+03   -0.1000000000E+01    0.2352941176E-02
   369    0.3406220871E+00    0.2399906303E+00    0.6246743792E+03    0.1585043095E-02    0.4130000000E+03   -0.1000000000E+01    0.2421307506E-02
   370    0.3570133453E+00    0.2881649513E+00    0.6120248231E+03    0.0000000000E+00    0.1140000000E+03   -0.1000000000E+01    0.8771929825E-02
   371    0.3462855237E+00    0.2348776053E+00    0.6227091147E+03    0.3642958928E-02    0.5520000000E+03   -0.1000000000E+01    0.1811594203E-02
   372    0.3452367569E+00    0.2823175428E+00    0.6175269759E+03    0.0000000000E+00    0.7200000000E+02   -0.1000000000E+01    0.1388888889E-01
   373    0.2981755452E+00    0.2987537552E+00    0.6290182677E+03    0.0000000000E+00    0.7000000000E+01   -0.1000000000E+01    0.1428571429E+00
   374    0.3076781480E+00    0.2828797148E+00    0.6299847855E+03    0.1581618163E-02    0.4120000000E+03   -0.1000000000E+01    0.2427184466E-02
   375    0.3457691787E+00    0.2336630619E+00    0.6230199218E+03    0.1223933488E-02    0.3480000000E+03   -0.1000000000E+01    0.2873563218E-02
   376    0.3431060281E+00    0.2355701399E+00    0.6240099393E+03    0.2191986775E-02    0.4730000000E+03   -0.1000000000E+01    0.2114164905E-02
   377    0.3455413996E+00    0.2556368162E+00    0.6210871459E+03    0.0000000000E+00    0.4900000000E+02   -0.1000000000E+01    0.2040816327E-01
   378    0.3476755173E+00    0.3068733202E+00    0.6120529041E+03    0.0000000000E+00    0.1130000000E+03   -0.1000000000E+01    0.8849557522E-02
   379    0.3524876685E+00    0.2016894327E+00    0.6212940177E+03    0.1373788902E-02    0.3760000000E+03   -0.1000000000E+01    0.2659574468E-02
   380    0.3740308593E+00    0.2152618560E+00    0.6104752670E+03    0.1097014759E-02    0.3270000000E+03   -0.1000000000E+01    0.3058103976E-02
   381    0.3476642132E+00    0.2413280070E+00    0.6216094761E+03    0.2489413909E-02    0.5010000000E+03   -0.1000000000E+01    0.1996007984E-02
   382    0.3455527037E+00    0.2458619893E+00    0.6220940989E+03    0.1307769059E-02    0.3650000000E+03   -0.1000000000E+01    0.2739726027E-02
   383    0.3186325586E+00    0.2737899830E+00    0.6283190774E+03    0.0000000000E+00    0.1000000000E+02   -0.1000000000E+01    0.1000000000E+00
   384    0.3249164390E+00    0.3480046917E+00    0.6081011807E+03    0.0000000000E+00    0.1500000000E+03   -0.1000000000E+01    0.6666666667E-02
   385    0.3545207409E+00    0.2306067906E+00    0.6193566969E+03    0.0000000000E+00    0.6500000000E+02   -0.1000000000E+01    0.1538461538E-01
   386    0.3436807002E+00    0.2532689408E+00    0.6221045373E+03    0.1024966190E-02    0.3060000000E+03   -0.1000000000E+01    0.3267973856E-02
   387    0.3092553257E+00    0.2841992609E+00    0.6292494427E+03    0.0000000000E+00    0.6000000000E+01   -0.1000000000E+01    0.1666666667E+00
   388    0.3177797410E+00    0.2736737089E+00    0.6286172585E+03    0.1069740268E-02    0.3180000000E+03   -0.1000000000E+01    0.3144654088E-02
   389    0.3008167551E+00    0.2806339330E+00    0.6324197936E+03    0.2020746181E-02    0.4600000000E+03   -0.1000000000E+01    0.2173913043E-02
   390    0.3057612982E+00    0.3022028092E+00    0.6261748681E+03    0.1382310349E-02    0.3780000000E+03   -0.1000000000E+01    0.2645502646E-02
   391    0.3430470393E+00    0.2373108887E+00    0.6238953257E+03    0.3185424775E-02    0.5330000000E+03   -0.1000000000E+01    0.1876172608E-02
   392    0.3082984341E+00    0.2402057940E+00    0.6367790119E+03    0.4952582112E-02    0.5680000000E+03   -0.1000000000E+01    0.1760563380E-02
   393    0.2718422905E+00    0.3267947294E+00    0.6264792371E+03    0.1842069085E-02    0.4440000000E+03   -0.1000000000E+01    0.2252252252E-02
   394    0.3030706495E+00    0.3078397722E+00    0.6254571059E+03    0.0000000000E+00    0.2400000000E+02   -0.1000000000E+01    0.4166666667E-01
   395    0.3106018128E+00    0.2322785675E+00    0.6368951960E+03    0.2197624914E-02    0.4740000000E+03   -0.1000000000E+01    0.2109704641E-02
   396    0.3581261040E+00    0.2613525371E+00    0.6152023523E+03    0.0000000000E+00    0.9200000000E+02   -0.1000000000E+01    0.1086956522E-01
   397    0.3544578648E+00    0.2758781715E+00    0.6149103103E+03    0.0000000000E+00    0.9300000000E+02   -0.1000000000E+01    0.1075268817E-01
   398    0.3401839654E+00    0.2686003337E+00    0.6215380632E+03    0.1612882519E-02    0.4160000000E+03   -0.1000000000E+01    0.2403846154E-02
   399    0.3110066013E+00    0.3043744004E+00    0.6242084364E+03    0.1167876008E-02    0.3390000000E+03   -0.1000000000E+01    0.2949852507E-02
   400    0.2955714520E+00    0.2784623417E+00    0.6343247657E+03    0.2636425004E-02    0.5100000000E+03   -0.1000000000E+01    0.1960784314E-02
   401    0.2919514817E+00    0.2351560654E+00    0.6427235346E+03    0.5359182685E-02    0.5690000000E+03   -0.1000000000E+01    0.1757469244E-02
   402    0.3424439074E+00    0.2423606173E+00    0.6237092237E+03    0.0000000000E+00    0.3700000000E+02   -0.1000000000E+01    0.2702702703E-01
   403    0.2979788600E+00    0.2913425549E+00    0.6308421561E+03    0.0000000000E+00    0.2000000000E+01   -0.1000000000E+01    0.5000000000E+00
   404    0.3085991933E+00    0.2914941873E+00    0.6278841462E+03    0.0000000000E+00    0.1300000000E+02   -0.1000000000E+01    0.7692307692E-01
   405    0.3086087093E+00    0.2759854246E+00    0.6310700587E+03    0.1180064865E-02    0.3410000000E+03   -0.1000000000E+01    0.2932551320E-02
   406    0.3184263573E+00    0.2818875453E+00    0.6268981966E+03    0.2166315761E-02    0.4710000000E+03   -0.1000000000E+01    0.2123142251E-02
   407    0.3195933293E+00    0.3015779655E+00    0.6223941827E+03    0.0000000000E+00    0.4200000000E+02   -0.1000000000E+01    0.2380952381E-01
   408    0.3029214865E+00    0.2990316877E+00    0.6277087376E+03    0.1156779453E-02    0.3350000000E+03   -0.1000000000E+01    0.2985074627E-02
   409    0.2991961793E+00    0.2479533385E+00    0.6386912306E+03    0.1532420850E-02    0.4060000000E+03   -0.1000000000E+01    0.2463054187E-02
   410    0.3541185564E+00    0.2382902683E+00    0.6190387001E+03    0.1102021617E-02    0.3280000000E+03   -0.1000000000E+01    0.3048780488E-02
   411    0.3277070995E+00    0.2750326119E+00    0.6250582599E+03    0.0000000000E+00    0.2800000000E+02   -0.1000000000E+01    0.3571428571E-01
   412    0.2889043190E+00    0.2900999260E+00    0.6334524843E+03    0.1834654533E-02    0.4430000000E+03   -0.1000000000E+01    0.2257336343E-02
   413    0.2352025063E+00    0.2828054605E+00    0.6458903523E+03    0.1064736062E-01    0.5860000000E+03   -0.1000000000E+01    0.1706484642E-02
   414    0.3098197007E+00    0.2629623175E+00    0.6330037722E+03    0.1485093578E-02    0.3930000000E+03   -0.1000000000E+01    0.2544529262E-02
   415    0.3203913750E+00    0.2981119217E+00    0.6229353338E+03    0.0000000000E+00    0.3900000000E+02   -0.1000000000E+01    0.2564102564E-01
   416    0.2645786578E+00    0.2023312663E+00    0.6546355747E+03    0.1488843061E-01    0.5890000000E+03   -0.1000000000E+01    0.1697792869E-02
   417    0.3175553457E+00    0.2405974705E+00    0.6334993952E+03    0.2898564757E-02    0.5220000000E+03   -0.1000000000E+01    0.1915708812E-02
   418    0.3444818910E+00    0.3033411123E+00    0.6139157039E+03    0.0000000000E+00    0.1040000000E+03   -0.1000000000E+01    0.9615384615E-02
   419    0.4357265506E+00    0.2518018925E+00    0.5753863975E+03    0.0000000000E+00    0.2010000000E+03   -0.1000000000E+01    0.4975124378E-02
   420    0.3453195504E+00    0.2861524665E+00    0.6168541071E+03    0.0000000000E+00    0.8000000000E+02   -0.1000000000E+01    0.1250000000E-01
   421    0.3029452143E+00    0.2575694142E+00    0.6360424533E+03    0.3213143323E-02    0.5350000000E+03   -0.1000000000E+01    0.1869158879E-02
   422    0.3030469217E+00    0.2988366130E+00    0.6277224446E+03    0.0000000000E+00    0.1400000000E+02   -0.1000000000E+01    0.7142857143E-01
   423    0.3378542890E+00    0.2406556170E+00    0.6257430125E+03    0.0000000000E+00    0.2200000000E+02   -0.1000000000E+01    0.4545454545E-01
   424    0.3147348237E+00    0.2863463040E+00    0.6271644688E+03    0.0000000000E+00    0.1700000000E+02   -0.1000000000E+01    0.5882352941E-01
   425    0.3187812973E+00    0.2882925365E+00    0.6255201895E+03    0.0000000000E+00    0.2300000000E+02   -0.1000000000E+01    0.4347826087E-01
   426    0.3091065869E+00    0.2696967074E+00    0.6320756373E+03    0.1711959577E-02    0.4330000000E+03   -0.1000000000E+01    0.2309468822E-02
   427    0.2825065844E+00    0.3142628713E+00    0.6284433154E+03    0.0000000000E+00    0.9000000000E+01   -0.1000000000E+01    0.1111111111E+00
   428    0.3480248257E+00    0.2999175098E+00    0.6133372115E+03    0.0000000000E+00    0.1060000000E+03   -0.1000000000E+01    0.9433962264E-02
   429    0.3087298583E+00    0.2751076185E+00    0.6311997113E+03    0.2224177619E-02    0.4750000000E+03   -0.1000000000E+01    0.2105263158E-02
   430    0.3035961169E+00    0.2753590809E+00    0.6326825726E+03    0.1198545958E-02    0.3450000000E+03   -0.1000000000E+01    0.2898550725E-02
   431    0.3498835577E+00    0.3068102564E+00    0.6112772549E+03    0.0000000000E+00    0.1230000000E+03   -0.1000000000E+01    0.8130081301E-02
   432    0.3133904718E+00    0.2480366499E+00    0.6340401479E+03    0.2649453951E-02    0.5110000000E+03   -0.1000000000E+01    0.1956947162E-02
   433    0.2940202284E+00    0.2383893087E+00    0.6416516264E+03    0.3364482565E-02    0.5450000000E+03   -0.1000000000E+01    0.1834862385E-02
   434    0.2971274326E+00    0.2447200952E+00    0.6398050688E+03    0.1970360619E-02    0.4560000000E+03   -0.1000000000E+01    0.2192982456E-02
   435    0.2976394677E+00    0.3009368806E+00    0.6286109253E+03    0.0000000000E+00    0.8000000000E+01   -0.1000000000E+01    0.1250000000E+00
   436    0.2841941914E+00    0.3126539215E+00    0.6285626551E+03    0.2525316927E-02    0.5040000000E+03   -0.1000000000E+01    0.1984126984E-02
   437    0.3562452757E+00    0.2471964284E+00    0.6173986575E+03    0.0000000000E+00    0.7300000000E+02   -0.1000000000E+01    0.1369863014E-01
   438    0.3564015692E+00    0.2447628993E+00    0.6175324304E+03    0.0000000000E+00    0.7100000000E+02   -0.1000000000E+01    0.1408450704E-01
   439    0.2887346277E+00    0.2667679333E+00    0.6385315936E+03    0.3762099084E-02    0.5530000000E+03   -0.1000000000E+01    0.1808318264E-02
   440    0.3567799292E+00    0.2834324562E+00    0.6128640097E+03    0.0000000000E+00    0.1100000000E+03   -0.1000000000E+01    0.9090909091E-02
   441    0.2933426238E+00    0.2831770016E+00    0.6339102188E+03    0.2850984113E-02    0.5200000000E+03   -0.1000000000E+01    0.1923076923E-02
   442    0.3132449455E+00    0.2841509779E+00    0.6280634654E+03    0.1425244241E-02    0.3870000000E+03   -0.1000000000E+01    0.2583979328E-02
   443    0.3122122722E+00    0.3175767437E+00    0.6204788321E+03    0.0000000000E+00    0.5500000000E+02   -0.1000000000E+01    0.1818181818E-01
   444    0.3718240118E+00    0.2988889368E+00    0.6042289461E+03    0.0000000000E+00    0.1660000000E+03   -0.1000000000E+01    0.6024096386E-02
   445    0.2933551595E+00    0.2681184725E+00    0.6370036664E+03    0.3348104369E-02    0.5430000000E+03   -0.1000000000E+01    0.1841620626E-02
   446    0.3237557673E+00    0.2820819170E+00    0.6251389691E+03    0.0000000000E+00    0.2600000000E+02   -0.1000000000E+01    0.3846153846E-01
   447    0.3100345313E+00    0.2893965851E+00    0.6279266936E+03    0.0000000000E+00    0.1200000000E+02   -0.1000000000E+01    0.8333333333E-01
   448    0.3079321426E+00    0.2961504559E+00    0.6270210605E+03    0.0000000000E+00    0.1800000000E+02   -0.1000000000E+01    0.5555555556E-01
   449    0.2964192951E+00    0.2632170031E+00    0.6370386815E+03    0.3520235890E-02    0.5480000000E+03   -0.1000000000E+01    0.1824817518E-02
   450    0.3113792656E+00    0.2910878693E+00    0.6271681040E+03    0.1546049393E-02    0.4090000000E+03   -0.1000000000E+01    0.2444987775E-02
   451    0.2946297552E+00    0.2967306547E+00    0.6304180764E+03    0.1852195279E-02    0.4450000000E+03   -0.1000000000E+01    0.2247191011E-02
   452    0.3120789631E+00    0.2697195187E+00    0.6311399849E+03    0.4341122929E-02    0.5600000000E+03   -0.1000000000E+01    0.1785714286E-02
   453    0.3140988322E+00    0.2952876500E+00    0.6254464753E+03    0.1089109996E-02    0.3230000000E+03   -0.1000000000E+01    0.3095975232E-02
   454    0.3063972897E+00    0.2932614631E+00    0.6281120256E+03    0.2747554555E-02    0.5170000000E+03   -0.1000000000E+01    0.1934235977E-02
   455    0.2955845949E+00    0.2913668771E+00    0.6314630793E+03    0.1688333029E-02    0.4270000000E+03   -0.1000000000E+01    0.2341920375E-02
   456    0.2118255492E+00    0.2841749387E+00    0.6483650798E+03    0.1879147206E-01    0.5920000000E+03   -0.1000000000E+01    0.1689189189E-02
   457    0.2553137700E+00    0.3381049289E+00    0.6247979926E+03    0.4252240609E-02    0.5590000000E+03   -0.1000000000E+01    0.1788908766E-02
   458    0.2358152314E+00    0.3552839995E+00    0.6193533006E+03    0.3798965158E-02    0.5550000000E+03   -0.1000000000E+01    0.1801801802E-02
   459    0.2978637088E+00    0.2893158155E+00    0.6313384193E+03    0.1057431690E-02    0.3170000000E+03   -0.1000000000E+01    0.3154574132E-02
   460    0.2977546189E+00    0.3029636200E+00    0.6280675498E+03    0.1224781373E-02    0.3490000000E+03   -0.1000000000E+01    0.2865329513E-02
   461    0.3125809726E+00    0.2090283117E+00    0.6381429441E+03    0.5503156315E-02    0.5710000000E+03   -0.1000000000E+01    0.1751313485E-02
   462    0.3121883824E+00    0.2886087551E+00    0.6274607226E+03    0.1710783189E-02    0.4320000000E+03   -0.1000000000E+01    0.2314814815E-02
   463    0.3007058587E+00    0.2944133104E+00    0.6294013887E+03    0.0000000000E+00    0.5000000000E+01   -0.1000000000E+01    0.2000000000E+00
   464    0.2797795857E+00    0.3111921158E+00    0.6299114322E+03    0.1459856523E-02    0.3900000000E+03   -0.1000000000E+01    0.2564102564E-02
   465    0.2963495342E+00    0.3119541059E+00    0.6260197044E+03    0.2780125488E-02    0.5180000000E+03   -0.1000000000E+01    0.1930501931E-02
   466    0.2858235172E+00    0.2920423705E+00    0.6337288141E+03    0.2436434331E-02    0.4950000000E+03   -0.1000000000E+01    0.2020202020E-02
   467    0.3195775680E+00    0.2931869427E+00    0.6242542861E+03    0.0000000000E+00    0.3400000000E+02   -0.1000000000E+01    0.2941176471E-01
   468    0.2776638401E+00    0.3074222326E+00    0.6314394148E+03    0.1667764773E-02    0.4200000000E+03   -0.1000000000E+01    0.2380952381E-02
   469    0.2855332616E+00    0.3098238177E+00    0.6290882117E+03    0.2384218966E-02    0.4920000000E+03   -0.1000000000E+01    0.2032520325E-02
   470    0.3070078542E+00    0.2938356387E+00    0.6278105404E+03    0.1095283148E-02    0.3260000000E+03   -0.1000000000E+01    0.3067484663E-02
   471    0.2975798920E+00    0.2941927122E+00    0.6302774033E+03    0.2505714973E-02    0.5020000000E+03   -0.1000000000E+01    0.1992031873E-02
   472    0.3739532672E+00    0.2980867232E+00    0.6034648010E+03    0.0000000000E+00    0.1680000000E+03   -0.1000000000E+01    0.5952380952E-02
   473    0.2995016161E+00    0.3067119282E+00    0.6266586074E+03    0.1270878059E-02    0.3560000000E+03   -0.1000000000E+01    0.2808988764E-02
   474    0.2860518900E+00    0.3063875561E+00    0.6299351684E+03    0.1929564238E-02    0.4540000000E+03   -0.1000000000E+01    0.2202643172E-02
   475    0.2902720015E+00    0.2924252479E+00    0.6325558150E+03    0.3189305708E-02    0.5340000000E+03   -0.1000000000E+01    0.1872659176E-02
   476    0.2902134430E+00    0.3131801783E+00    0.6270957729E+03    0.2997101198E-02    0.5290000000E+03   -0.1000000000E+01    0.1890359168E-02
   477    0.2981456661E+00    0.2650339617E+00    0.6362102445E+03    0.1909364675E-02    0.4510000000E+03   -0.1000000000E+01    0.2217294900E-02
   478    0.2974726616E+00    0.2889586007E+00    0.6315236963E+03    0.1982915148E-02    0.4570000000E+03   -0.1000000000E+01    0.2188183807E-02
   479    0.2957547660E+00    0.2848092369E+00    0.6329113475E+03    0.2889714545E-02    0.5210000000E+03   -0.1000000000E+01    0.1919385797E-02
   480    0.2960940060E+00    0.2831262742E+00    0.6331895269E+03    0.2991159219E-02    0.5280000000E+03   -0.1000000000E+01    0.1893939394E-02
   481    0.3126816818E+00    0.3028467435E+00    0.6241084573E+03    0.1217842187E-02    0.3470000000E+03   -0.1000000000E+01    0.2881844380E-02
   482    0.3095651217E+00    0.3041265853E+00    0.6246676374E+03    0.0000000000E+00    0.3000000000E+02   -0.1000000000E+01    0.3333333333E-01
   483    0.3349411530E+00    0.3043026035E+00    0.6169600943E+03    0.0000000000E+00    0.7800000000E+02   -0.1000000000E+01    0.1282051282E-01
   484    0.3507883621E+00    0.3030094628E+00    0.6117204532E+03    0.0000000000E+00    0.1190000000E+03   -0.1000000000E+01    0.8403361345E-02
   485    0.3115362982E+00    0.2888019121E+00    0.6276130315E+03    0.2107328558E-02    0.4650000000E+03   -0.1000000000E+01    0.2150537634E-02
   486    0.3827059075E+00    0.2944303117E+00    0.6002133352E+03    0.0000000000E+00    0.1770000000E+03   -0.1000000000E+01    0.5649717514E-02
   487    0.2978521932E+00    0.2940435293E+00    0.6302418282E+03    0.1170458415E-02    0.3400000000E+03   -0.1000000000E+01    0.2941176471E-02
   488    0.3008325255E+00    0.2917123359E+00    0.6299948816E+03    0.3293982454E-02    0.5400000000E+03   -0.1000000000E+01    0.1851851852E-02
   489    0.2624169081E+00    0.2648843176E+00    0.6453531727E+03    0.4613532113E-02    0.5650000000E+03   -0.1000000000E+01    0.1769911504E-02
   490    0.3245749576E+00    0.2669175774E+00    0.6274595647E+03    0.0000000000E+00    0.1500000000E+02   -0.1000000000E+01    0.6666666667E-01
   491    0.3817367844E+00    0.2770745194E+00    0.6029005378E+03    0.0000000000E+00    0.1710000000E+03   -0.1000000000E+01    0.5847953216E-02
   492    0.3005073274E+00    0.2899240840E+00    0.6304903622E+03    0.1345824004E-02    0.3730000000E+03   -0.1000000000E+01    0.2680965147E-02
   493    0.3260897686E+00    0.2929650365E+00    0.6222479127E+03    0.1137754549E-02    0.3320000000E+03   -0.1000000000E+01    0.3012048193E-02
   494    0.3098782709E+00    0.3066936242E+00    0.6239451124E+03    0.0000000000E+00    0.3600000000E+02   -0.1000000000E+01    0.2777777778E-01
   495    0.3093497796E+00    0.2785735013E+00    0.6303477160E+03    0.1481191998E-02    0.3920000000E+03   -0.1000000000E+01    0.2551020408E-02
   496    0.3223381303E+00    0.2996588716E+00    0.6219961589E+03    0.2239924199E-02    0.4760000000E+03   -0.1000000000E+01    0.2100840336E-02
   497    0.2961437753E+00    0.2863542268E+00    0.6324643122E+03    0.2614482469E-02    0.5080000000E+03   -0.1000000000E+01    0.1968503937E-02
   498    0.2928606917E+00    0.2888578237E+00    0.6327502280E+03    0.3085130186E-02    0.5300000000E+03   -0.1000000000E+01    0.1886792453E-02
   499    0.3009598218E+00    0.2164187991E+00    0.6418187927E+03    0.4867502722E-02    0.5670000000E+03   -0.1000000000E+01    0.1763668430E-02
   500    0.3097805683E+00    0.2911431421E+00    0.6276213011E+03    0.1336928735E-02    0.3710000000E+03   -0.1000000000E+01    0.2695417790E-02
   501    0.3191438588E+00    0.3216897073E+00    0.6174824153E+03    0.1042784110E-02    0.3120000000E+03   -0.1000000000E+01    0.3205128205E-02
   502    0.1834998165E+00    0.2808870560E+00    0.6515051289E+03    0.1721307383E-01    0.5910000000E+03   -0.1000000000E+01    0.1692047377E-02
   503    0.3027168348E+00    0.2893998401E+00    0.6300035745E+03    0.1376719207E-02    0.3770000000E+03   -0.1000000000E+01    0.2652519894E-02
   504    0.3054661029E+00    0.2826957622E+00    0.6306668689E+03    0.1050752482E-02    0.3130000000E+03   -0.1000000000E+01    0.3194888179E-02
   505    0.3000413794E+00    0.2234504728E+00    0.6414663139E+03    0.4464692989E-02    0.5640000000E+03   -0.1000000000E+01    0.1773049645E-02
   506    0.2902034333E+00    0.2930000715E+00    0.6324331568E+03    0.1239921122E-02    0.3510000000E+03   -0.1000000000E+01    0.2849002849E-02
   507    0.3097843453E+00    0.3054742286E+00    0.6242747895E+03    0.0000000000E+00    0.3300000000E+02   -0.1000000000E+01    0.3030303030E-01
   508    0.3096590473E+00    0.3053459809E+00    0.6243409522E+03    0.1204745597E-02    0.3460000000E+03   -0.1000000000E+01    0.2890173410E-02
   509    0.3648356892E+00    0.3300277507E+00    0.6006683591E+03    0.0000000000E+00    0.1740000000E+03   -0.1000000000E+01    0.5747126437E-02
   510    0.3056151367E+00    0.2860752670E+00    0.6299142993E+03    0.0000000000E+00    0.3000000000E+01   -0.1000000000E+01    0.3333333333E+00
   511    0.3027509001E+00    0.2905597436E+00    0.6297342865E+03    0.1524995245E-02    0.4030000000E+03   -0.1000000000E+01    0.2481389578E-02
   512    0.3069310643E+00    0.2581054231E+00    0.6347065449E+03    0.2679124897E-02    0.5140000000E+03   -0.1000000000E+01    0.1945525292E-02
   513    0.2975751568E+00    0.2926317938E+00    0.6306476302E+03    0.2443820213E-02    0.4970000000E+03   -0.1000000000E+01    0.2012072435E-02
   514    0.3011095620E+00    0.2931240714E+00    0.6295944447E+03    0.1424635424E-02    0.3860000000E+03   -0.1000000000E+01    0.2590673575E-02
   515    0.2676870966E+00    0.3131385549E+00    0.6316374511E+03    0.3916836836E-02    0.5560000000E+03   -0.1000000000E+01    0.1798561151E-02
   516    0.4178290919E+00    0.2996947256E+00    0.5824996178E+03    0.0000000000E+00    0.1920000000E+03   -0.1000000000E+01    0.5208333333E-02
   517    0.2986001519E+00    0.2892021573E+00    0.6311676534E+03    0.2555213849E-02    0.5060000000E+03   -0.1000000000E+01    0.1976284585E-02
   518    0.2483314136E+00    0.2848361598E+00    0.6432461329E+03    0.5952295846E-02    0.5750000000E+03   -0.1000000000E+01    0.1739130435E-02
   519    0.3120012511E+00    0.2894350662E+00    0.6273407600E+03    0.1679220738E-02    0.4240000000E+03   -0.1000000000E+01    0.2358490566E-02
   520    0.3045817687E+00    0.3184936998E+00    0.6221894871E+03    0.1031290185E-02    0.3090000000E+03   -0.1000000000E+01    0.3236245955E-02
   521    0.3019684989E+00    0.2957907500E+00    0.6287390424E+03    0.2304193225E-02    0.4840000000E+03   -0.1000000000E+01    0.2066115702E-02
   522    0.2967162198E+00    0.2899651153E+00    0.6314932682E+03    0.1195357483E-02    0.3440000000E+03   -0.1000000000E+01    0.2906976744E-02
   523    0.3054866300E+00    0.3085403878E+00    0.6246482782E+03    0.0000000000E+00    0.3100000000E+02   -0.1000000000E+01    0.3225806452E-01
   524    0.3236560596E+00    0.2887731402E+00    0.6238801754E+03    0.1671397353E-02    0.4210000000E+03   -0.1000000000E+01    0.2375296912E-02
   525    0.2975307231E+00    0.2889739424E+00    0.6315047272E+03    0.1677652035E-02    0.4230000000E+03   -0.1000000000E+01    0.2364066194E-02
   526    0.2965919122E+00    0.2887228392E+00    0.6318107234E+03    0.0000000000E+00    0.1000000000E+01    0.4900000000E+02    0.1000000000E+01
   527    0.2725479117E+00    0.3793834331E+00    0.6052272299E+03    0.1691972513E-02    0.4290000000E+03   -0.1000000000E+01    0.2331002331E-02
   528    0.2612461797E+00    0.2672431212E+00    0.6450902534E+03    0.6059761374E-02    0.5760000000E+03   -0.1000000000E+01    0.1736111111E-02
   529    0.3134331120E+00    0.2707281954E+00    0.6305333272E+03    0.1131535708E-02    0.3300000000E+03   -0.1000000000E+01    0.3030303030E-02
   530    0.3207069673E+00    0.3003159673E+00    0.6223463226E+03    0.0000000000E+00    0.4300000000E+02   -0.1000000000E+01    0.2325581395E-01
   531    0.2966855251E+00    0.2759057500E+00    0.6345442388E+03    0.3442419108E-02    0.5460000000E+03   -0.1000000000E+01    0.1831501832E-02
   532    0.3010513361E+00    0.2759979343E+00    0.6332941225E+03    0.3795635661E-02    0.5540000000E+03   -0.1000000000E+01    0.1805054152E-02
   533    0.3052458036E+00    0.2820835727E+00    0.6308568165E+03    0.3089871839E-02    0.5310000000E+03   -0.1000000000E+01    0.1883239171E-02
   534    0.3288942758E+00    0.2889605900E+00    0.6221294944E+03    0.0000000000E+00    0.4400000000E+02   -0.1000000000E+01    0.2272727273E-01
   535    0.2964340756E+00    0.2860516379E+00    0.6324546408E+03    0.1499468767E-02    0.3950000000E+03   -0.1000000000E+01    0.2531645570E-02
   536    0.2963016119E+00    0.2890254281E+00    0.6318181083E+03    0.2919404323E-02    0.5230000000E+03   -0.1000000000E+01    0.1912045889E-02
   537    0.3599397536E+00    0.2895607027E+00    0.6106313108E+03    0.0000000000E+00    0.1280000000E+03   -0.1000000000E+01    0.7812500000E-02
   538    0.2655334979E+00    0.2840485973E+00    0.6402170336E+03    0.7099369709E-02    0.5790000000E+03   -0.1000000000E+01    0.1727115717E-02
   539    0.2852459652E+00    0.3064965274E+00    0.6300842734E+03    0.2473326704E-02    0.4990000000E+03   -0.1000000000E+01    0.2004008016E-02
   540    0.3584030885E+00    0.2853707591E+00    0.6119128836E+03    0.0000000000E+00    0.1160000000E+03   -0.1000000000E+01    0.8620689655E-02
   541    0.2228538184E+00    0.3032217818E+00    0.6410648464E+03    0.1611032256E-01    0.5900000000E+03   -0.1000000000E+01    0.1694915254E-02
   542    0.3047777026E+00    0.2940414452E+00    0.6283837479E+03    0.2443056953E-02    0.4960000000E+03   -0.1000000000E+01    0.2016129032E-02
   543    0.3064202659E+00    0.3156294576E+00    0.6225199100E+03    0.1305928106E-02    0.3640000000E+03   -0.1000000000E+01    0.2747252747E-02
   544    0.3732921919E+00    0.3163118549E+00    0.6004291260E+03    0.0000000000E+00    0.1760000000E+03   -0.1000000000E+01    0.5681818182E-02
   545    0.3172158551E+00    0.2588887470E+00    0.6312088909E+03    0.2306614702E-02    0.4860000000E+03   -0.1000000000E+01    0.2057613169E-02
   546    0.2496454612E+00    0.2944296413E+00    0.6403353147E+03    0.1075852483E-01    0.5870000000E+03   -0.1000000000E+01    0.1703577513E-02
   547    0.2660592100E+00    0.2724081800E+00    0.6428881476E+03    0.8385488668E-02    0.5820000000E+03   -0.1000000000E+01    0.1718213058E-02
   548    0.4183944092E+00    0.2940661795E+00    0.5828240986E+03    0.0000000000E+00    0.1910000000E+03   -0.1000000000E+01    0.5235602094E-02
   549    0.2806871965E+00    0.3379844197E+00    0.6210779668E+03    0.1149376744E-02    0.3340000000E+03   -0.1000000000E+01    0.2994011976E-02
   550    0.3022186291E+00    0.2951002164E+00    0.6288346720E+03    0.1094292527E-02    0.3250000000E+03   -0.1000000000E+01    0.3076923077E-02
   551    0.3113476884E+00    0.2883375641E+00    0.6277672103E+03    0.1393063668E-02    0.3820000000E+03   -0.1000000000E+01    0.2617801047E-02
   552    0.3113339924E+00    0.2933503115E+00    0.6266848171E+03    0.1284334813E-02    0.3590000000E+03   -0.1000000000E+01    0.2785515320E-02
   553    0.3044904187E+00    0.2899368562E+00    0.6293914099E+03    0.1754980060E-02    0.4350000000E+03    0.1600000000E+02    0.2298850575E-02
   554    0.2986554411E+00    0.2851123532E+00    0.6320636425E+03    0.2345757958E-02    0.4900000000E+03    0.9000000000E+01    0.2040816327E-02
   555    0.3055756832E+00    0.2808610120E+00    0.6310111056E+03    0.1805104722E-02    0.4390000000E+03    0.1500000000E+02    0.2277904328E-02
   556    0.3052852570E+00    0.3116583053E+00    0.6238819656E+03    0.1535895308E-02    0.4080000000E+03    0.2000000000E+02    0.2450980392E-02
   557    0.3289021055E+00    0.2712449674E+00    0.6252639095E+03    0.0000000000E+00    0.2500000000E+02    0.4800000000E+02    0.4000000000E-01
   558    0.3127129479E+00    0.2926176716E+00    0.6264433775E+03    0.1000552222E-02    0.3020000000E+03    0.3300000000E+02    0.3311258278E-02
   559    0.2763625413E+00    0.3581663754E+00    0.6140600826E+03    0.2147716794E-02    0.4680000000E+03    0.1000000000E+02    0.2136752137E-02
   560    0.3009165674E+00    0.2685408834E+00    0.6347593595E+03    0.2728551000E-02    0.5150000000E+03    0.4000000000E+01    0.1941747573E-02
   561    0.3063704009E+00    0.2918870402E+00    0.6284293730E+03    0.1827094415E-02    0.4410000000E+03    0.1400000000E+02    0.2267573696E-02
   562    0.3014633649E+00    0.2892884431E+00    0.6303730926E+03    0.1271423953E-02    0.3570000000E+03    0.2900000000E+02    0.2801120448E-02
   563    0.2965532475E+00    0.2888066925E+00    0.6318017673E+03    0.1528473095E-02    0.4050000000E+03    0.2200000000E+02    0.2469135802E-02
   564    0.2967548845E+00    0.2898812620E+00    0.6315023598E+03    0.3474812547E-02    0.5470000000E+03    0.2000000000E+01    0.1828153565E-02
   565    0.2992929540E+00    0.2880290963E+00    0.6312455193E+03    0.1696231124E-02    0.4310000000E+03    0.1800000000E+02    0.2320185615E-02
   566    0.2952166473E+00    0.2901085359E+00    0.6318520757E+03    0.1313365890E-02    0.3660000000E+03    0.2700000000E+02    0.2732240437E-02
   567    0.2690881641E+00    0.2879045155E+00    0.6385046826E+03    0.2037960135E-02    0.4620000000E+03    0.1200000000E+02    0.2164502165E-02
   568    0.3172141692E+00    0.3361551712E+00    0.6138150552E+03    0.1056124536E-02    0.3160000000E+03    0.3200000000E+02    0.3164556962E-02
   569    0.2966467592E+00    0.2881599676E+00    0.6319242400E+03    0.1160391776E-02    0.3380000000E+03    0.3000000000E+02    0.2958579882E-02
   570    0.2966613728E+00    0.2825778682E+00    0.6331551934E+03    0.2368379144E-02    0.4910000000E+03    0.8000000000E+01    0.2036659878E-02
   571    0.3251166448E+00    0.2965078896E+00    0.6218169901E+03    0.0000000000E+00    0.4500000000E+02    0.4600000000E+02    0.2222222222E-01
   572    0.3244845983E+00    0.2927686676E+00    0.6228032235E+03    0.1534906504E-02    0.4070000000E+03    0.2100000000E+02    0.2457002457E-02
   573    0.3535071483E+00    0.2830037041E+00    0.6142316650E+03    0.0000000000E+00    0.1000000000E+03    0.3800000000E+02    0.1000000000E-01
   574    0.3705023976E+00    0.2971377425E+00    0.6050712169E+03    0.0000000000E+00    0.1620000000E+03    0.3500000000E+02    0.6172839506E-02
   575    0.2966199949E+00    0.2902877479E+00    0.6314440910E+03    0.1597075732E-02    0.4150000000E+03    0.1900000000E+02    0.2409638554E-02
   576    0.2966881372E+00    0.2884002066E+00    0.6318587097E+03    0.1892637710E-02    0.4490000000E+03    0.1300000000E+02    0.2227171492E-02
   577    0.3375956578E+00    0.2354193328E+00    0.6263125868E+03    0.2590521201E-02    0.5070000000E+03    0.5000000000E+01    0.1972386588E-02
   578    0.3467045248E+00    0.2581210712E+00    0.6203312259E+03    0.0000000000E+00    0.5600000000E+02    0.4300000000E+02    0.1785714286E-01
   579    0.3502732648E+00    0.2890638527E+00    0.6144919513E+03    0.0000000000E+00    0.9800000000E+02    0.3900000000E+02    0.1020408163E-01
   580    0.3392145120E+00    0.2886195764E+00    0.6186403444E+03    0.0000000000E+00    0.6800000000E+02    0.4100000000E+02    0.1470588235E-01
   581    0.2930672575E+00    0.3082415667E+00    0.6278166220E+03    0.2538263359E-02    0.5050000000E+03    0.6000000000E+01    0.1980198020E-02
   582    0.3269350542E+00    0.2633193679E+00    0.6271759519E+03    0.1086082296E-02    0.3220000000E+03    0.3100000000E+02    0.3105590062E-02
   583    0.3309548139E+00    0.2654699985E+00    0.6254163862E+03    0.2417538120E-02    0.4940000000E+03    0.7000000000E+01    0.2024291498E-02
   584    0.3186542589E+00    0.3060909362E+00    0.6216127497E+03    0.0000000000E+00    0.4600000000E+02    0.4500000000E+02    0.2173913043E-01
   585    0.3000405789E+00    0.2890505445E+00    0.6308138898E+03    0.1501992037E-02    0.3960000000E+03    0.2400000000E+02    0.2525252525E-02
   586    0.3650962557E+00    0.2899320607E+00    0.6084726540E+03    0.0000000000E+00    0.1440000000E+03    0.3700000000E+02    0.6944444444E-02
   587    0.3201979313E+00    0.3050422755E+00    0.6214075858E+03    0.0000000000E+00    0.4700000000E+02    0.4400000000E+02    0.2127659574E-01
   588    0.3294111415E+00    0.2665186592E+00    0.6258166563E+03    0.1322450252E-02    0.3670000000E+03    0.2600000000E+02    0.2724795640E-02
   589    0.2966195167E+00    0.2885930349E+00    0.6318330073E+03    0.1514897034E-02    0.4010000000E+03    0.2300000000E+02    0.2493765586E-02
   590    0.2966191547E+00    0.2882897720E+00    0.6319020382E+03    0.2113176562E-02    0.4670000000E+03    0.1100000000E+02    0.2141327623E-02
   591    0.3385956244E+00    0.2822336946E+00    0.6199904812E+03    0.1302269389E-02    0.3620000000E+03    0.2800000000E+02    0.2762430939E-02
   592    0.3474777457E+00    0.2782402148E+00    0.6173194245E+03    0.0000000000E+00    0.7500000000E+02    0.4000000000E+02    0.1333333333E-01
   593    0.3186892684E+00    0.2905454165E+00    0.6250844288E+03    0.0000000000E+00    0.2700000000E+02    0.4700000000E+02    0.3703703704E-01
   594    0.2986376938E+00    0.3000582987E+00    0.6285764237E+03    0.1479476244E-02    0.3910000000E+03    0.2500000000E+02    0.2557544757E-02
   595    0.3768968503E+00    0.3106649486E+00    0.6000427403E+03    0.0000000000E+00    0.1790000000E+03    0.3400000000E+02    0.5586592179E-02
   596    0.2610377278E+00    0.2910176654E+00    0.6392878680E+03    0.3293155433E-02    0.5390000000E+03    0.3000000000E+01    0.1855287570E-02
   597    0.3018445647E+00    0.2455591831E+00    0.6381994365E+03    0.9690454546E-02    0.5840000000E+03    0.1000000000E+01    0.1712328767E-02
   598    0.3018374293E+00    0.2950292390E+00    0.6289538107E+03    0.1727478774E-02    0.4340000000E+03    0.1700000000E+02    0.2304147465E-02
   599    0.3610303490E+00    0.2996745022E+00    0.6084680228E+03    0.0000000000E+00    0.1450000000E+03    0.3600000000E+02    0.6896551724E-02
   600    0.3301790159E+00    0.2977792075E+00    0.6199208884E+03    0.0000000000E+00    0.6200000000E+02    0.4200000000E+02    0.1612903226E-01
